0e 00 00 00 01 01 00 00 00 00 00 00 00 00 00 00 00 00 00 00 00 00 00 00 00 00 00 00 00 00 00 00 00 00 00 00 00 00 00 00 00 00 00 00 00 00 00 00 00 00 00 00 00 00 00 00 00 00 00 00 00 00 00 00 
0e 01 00 00 01 01 00 01 00 03 23 00 1c 1b 12 1b 01 01 01 05 c1 ff 40 03 15 00 01 01 00 00 01 01 00 01 00 00 00 00 00 00 00 00 00 00 00 00 00 00 00 00 00 00 00 00 00 00 00 00 00 00 00 00 00 00 
0e 0e 00 00 00 01 00 01 00 03 23 00 1c 1b 12 1b 01 01 01 05 c1 ff 40 03 15 00 01 01 00 00 01 01 00 01 00 00 00 00 00 00 00 00 00 00 00 00 00 00 00 00 00 00 00 00 00 00 00 00 00 00 00 00 00 00 
0e 11 01 00 76 00 70 03 00 03 23 00 1c 1b 12 1b 01 01 01 05 c1 ff 40 03 15 00 01 01 00 00 01 01 00 01 00 00 00 00 00 00 00 00 00 00 00 00 00 00 00 00 00 00 00 00 00 00 00 00 00 00 00 00 00 00 
0e 11 02 00 75 00 70 03 76 00 70 03 1c 1b 12 1b 01 01 01 05 c1 ff 40 03 15 00 01 01 00 00 01 01 00 01 00 00 00 00 00 00 00 00 00 00 00 00 00 00 00 00 00 00 00 00 00 00 00 00 00 00 00 00 00 00 
0e 11 03 00 75 00 70 03 74 00 70 03 73 00 70 03 01 01 01 05 c1 ff 40 03 15 00 01 01 00 00 01 01 00 01 00 00 00 00 00 00 00 00 00 00 00 00 00 00 00 00 00 00 00 00 00 00 00 00 00 00 00 00 00 00 
0e 11 04 00 75 00 70 03 75 00 70 03 76 00 70 03 76 00 70 03 c1 ff 40 03 15 00 01 01 00 00 01 01 00 01 00 00 00 00 00 00 00 00 00 00 00 00 00 00 00 00 00 00 00 00 00 00 00 00 00 00 00 00 00 00 
0e 11 05 00 75 00 70 03 76 00 70 03 75 00 70 03 75 00 70 03 75 00 70 03 15 00 01 01 00 00 01 01 00 01 00 00 00 00 00 00 00 00 00 00 00 00 00 00 00 00 00 00 00 00 00 00 00 00 00 00 00 00 00 00 
0e 11 06 00 75 00 70 03 74 00 70 03 76 00 70 03 75 00 70 03 74 00 70 03 76 00 70 03 00 00 01 01 00 01 00 00 00 00 00 00 00 00 00 00 00 00 00 00 00 00 00 00 00 00 00 00 00 00 00 00 00 00 00 00 
0e 11 07 00 74 00 70 03 76 00 70 03 76 00 70 03 74 00 70 03 76 00 70 03 75 00 70 03 77 00 70 03 00 01 00 00 00 00 00 00 00 00 00 00 00 00 00 00 00 00 00 00 00 00 00 00 00 00 00 00 00 00 00 00 
0e 11 08 00 74 00 70 03 75 00 70 03 75 00 70 03 75 00 70 03 74 00 70 03 75 00 70 03 76 00 70 03 76 00 70 03 00 00 00 00 00 00 00 00 00 00 00 00 00 00 00 00 00 00 00 00 00 00 00 00 00 00 00 00 
0e 11 09 00 74 00 70 03 74 00 70 03 76 00 70 03 75 00 70 03 75 00 70 03 76 00 70 03 76 00 70 03 74 00 70 03 76 00 70 03 00 00 00 00 00 00 00 00 00 00 00 00 00 00 00 00 00 00 00 00 00 00 00 00 
0e 11 0a 00 74 00 70 03 74 00 70 03 75 00 70 03 75 00 70 03 73 00 70 03 76 00 70 03 74 00 70 03 75 00 70 03 74 00 70 03 75 00 70 03 00 00 00 00 00 00 00 00 00 00 00 00 00 00 00 00 00 00 00 00 
0e 11 0b 00 75 00 70 03 75 00 70 03 75 00 70 03 75 00 70 03 76 00 70 03 75 00 70 03 74 00 70 03 75 00 70 03 75 00 70 03 75 00 70 03 75 00 70 03 00 00 00 00 00 00 00 00 00 00 00 00 00 00 00 00 
0e 11 0c 00 75 00 70 03 76 00 70 03 75 00 70 03 75 00 70 03 74 00 70 03 77 00 70 03 74 00 70 03 75 00 70 03 75 00 70 03 73 00 70 03 74 00 70 03 75 00 70 03 00 00 00 00 00 00 00 00 00 00 00 00 
0e 11 0d 00 76 00 70 03 74 00 70 03 75 00 70 03 77 00 70 03 76 00 70 03 75 00 70 03 75 00 70 03 76 00 70 03 75 00 70 03 75 00 70 03 76 00 70 03 77 00 70 03 74 00 70 03 00 00 00 00 00 00 00 00 
0e 11 0e 00 74 00 70 03 75 00 70 03 73 00 70 03 74 00 70 03 75 00 70 03 75 00 70 03 75 00 70 03 73 00 70 03 74 00 70 03 77 00 70 03 75 00 70 03 75 00 70 03 74 00 70 03 74 00 70 03 00 00 00 00 
0e 11 0f 00 74 00 70 03 77 00 70 03 76 00 70 03 74 00 70 03 77 00 70 03 75 00 70 03 76 00 70 03 76 00 70 03 75 00 70 03 76 00 70 03 75 00 70 03 75 00 70 03 75 00 70 03 76 00 70 03 76 00 70 03 
0e 11 10 00 75 00 70 03 75 00 70 03 77 00 70 03 76 00 70 03 75 00 70 03 77 00 70 03 76 00 70 03 75 00 70 03 75 00 70 03 76 00 70 03 77 00 70 03 74 00 70 03 75 00 70 03 74 00 70 03 74 00 70 03 
0e 11 11 00 76 00 70 03 75 00 70 03 76 00 70 03 75 00 70 03 76 00 70 03 74 00 70 03 74 00 70 03 77 00 70 03 75 00 70 03 75 00 70 03 75 00 70 03 75 00 70 03 76 00 70 03 75 00 70 03 74 00 70 03 
0e 11 12 00 77 00 70 03 75 00 70 03 75 00 70 03 74 00 70 03 77 00 70 03 74 00 70 03 75 00 70 03 74 00 70 03 77 00 70 03 73 00 70 03 75 00 70 03 74 00 70 03 77 00 70 03 75 00 70 03 74 00 70 03 
0e 11 13 00 74 00 70 03 75 00 70 03 75 00 70 03 75 00 70 03 77 00 70 03 75 00 70 03 76 00 70 03 74 00 70 03 76 00 70 03 74 00 70 03 75 00 70 03 74 00 70 03 74 00 70 03 75 00 70 03 75 00 70 03 
0e 11 14 00 75 00 70 03 75 00 70 03 76 00 70 03 77 00 70 03 77 00 70 03 76 00 70 03 76 00 70 03 75 00 70 03 75 00 70 03 74 00 70 03 75 00 70 03 75 00 70 03 76 00 70 03 76 00 70 03 76 00 70 03 
0e 13 01 00 01 01 70 03 76 00 70 03 74 00 70 03 75 00 70 03 75 00 70 03 75 00 70 03 74 00 70 03 76 00 70 03 75 00 70 03 75 00 70 03 76 00 70 03 76 00 70 03 75 00 70 03 76 00 70 03 74 00 70 03 
0e 13 02 00 02 01 70 03 76 00 70 03 74 00 70 03 75 00 70 03 75 00 70 03 75 00 70 03 74 00 70 03 76 00 70 03 75 00 70 03 75 00 70 03 76 00 70 03 76 00 70 03 75 00 70 03 76 00 70 03 74 00 70 03 
0e 13 03 00 05 01 70 03 76 00 70 03 74 00 70 03 75 00 70 03 75 00 70 03 75 00 70 03 74 00 70 03 76 00 70 03 75 00 70 03 75 00 70 03 76 00 70 03 76 00 70 03 75 00 70 03 76 00 70 03 74 00 70 03 
0e 13 04 00 00 01 70 03 76 00 70 03 74 00 70 03 75 00 70 03 75 00 70 03 75 00 70 03 74 00 70 03 76 00 70 03 75 00 70 03 75 00 70 03 76 00 70 03 76 00 70 03 75 00 70 03 76 00 70 03 74 00 70 03 
0e 13 05 00 3f 01 70 03 76 00 70 03 74 00 70 03 75 00 70 03 75 00 70 03 75 00 70 03 74 00 70 03 76 00 70 03 75 00 70 03 75 00 70 03 76 00 70 03 76 00 70 03 75 00 70 03 76 00 70 03 74 00 70 03 
0e 13 06 00 32 01 70 03 76 00 70 03 74 00 70 03 75 00 70 03 75 00 70 03 75 00 70 03 74 00 70 03 76 00 70 03 75 00 70 03 75 00 70 03 76 00 70 03 76 00 70 03 75 00 70 03 76 00 70 03 74 00 70 03 
0e 13 07 00 01 01 70 03 76 00 70 03 74 00 70 03 75 00 70 03 75 00 70 03 75 00 70 03 74 00 70 03 76 00 70 03 75 00 70 03 75 00 70 03 76 00 70 03 76 00 70 03 75 00 70 03 76 00 70 03 74 00 70 03 
0e 13 10 00 ff 00 ff 03 76 00 70 03 74 00 70 03 75 00 70 03 75 00 70 03 75 00 70 03 74 00 70 03 76 00 70 03 75 00 70 03 75 00 70 03 76 00 70 03 76 00 70 03 75 00 70 03 76 00 70 03 74 00 70 03 
0e 13 d0 00 00 c8 00 c8 00 55 00 00 74 00 70 03 75 00 70 03 75 00 70 03 75 00 70 03 74 00 70 03 76 00 70 03 75 00 70 03 75 00 70 03 76 00 70 03 76 00 70 03 75 00 70 03 76 00 70 03 74 00 70 03 
0e 13 d1 00 00 c2 01 c2 01 00 ff 00 74 00 70 03 75 00 70 03 75 00 70 03 75 00 70 03 74 00 70 03 76 00 70 03 75 00 70 03 75 00 70 03 76 00 70 03 76 00 70 03 75 00 70 03 76 00 70 03 74 00 70 03 
0e 13 d2 00 00 20 03 20 03 00 ff ff 74 00 70 03 75 00 70 03 75 00 70 03 75 00 70 03 74 00 70 03 76 00 70 03 75 00 70 03 75 00 70 03 76 00 70 03 76 00 70 03 75 00 70 03 76 00 70 03 74 00 70 03 
0e 13 d3 00 00 dc 05 dc 05 00 00 ff 74 00 70 03 75 00 70 03 75 00 70 03 75 00 70 03 74 00 70 03 76 00 70 03 75 00 70 03 75 00 70 03 76 00 70 03 76 00 70 03 75 00 70 03 76 00 70 03 74 00 70 03 
0e 13 d4 00 00 b8 0b b8 0b 55 00 ff 74 00 70 03 75 00 70 03 75 00 70 03 75 00 70 03 74 00 70 03 76 00 70 03 75 00 70 03 75 00 70 03 76 00 70 03 76 00 70 03 75 00 70 03 76 00 70 03 74 00 70 03 
0e 13 d5 00 00 a0 0f a0 0f 80 00 80 74 00 70 03 75 00 70 03 75 00 70 03 75 00 70 03 74 00 70 03 76 00 70 03 75 00 70 03 75 00 70 03 76 00 70 03 76 00 70 03 75 00 70 03 76 00 70 03 74 00 70 03 
0e 15 01 00 52 c1 7f ba 51 2d 26 4c a6 a7 a0 36 cc 93 d9 24 7f 11 23 27 00 00 00 00 00 00 00 00 00 00 00 00 75 00 70 03 75 00 70 03 76 00 70 03 76 00 70 03 75 00 70 03 76 00 70 03 74 00 70 03 
0e 16 01 00 48 00 77 00 50 00 72 00 6f 00 66 00 69 00 6c 00 65 00 31 00 00 00 00 00 00 00 00 00 00 00 00 00 75 00 70 03 75 00 70 03 76 00 70 03 76 00 70 03 75 00 70 03 76 00 70 03 74 00 70 03 
0e 20 00 00 00 ff ff 00 ff 00 72 00 6f 00 66 00 69 00 6c 00 65 00 31 00 00 00 00 00 00 00 00 00 00 00 00 00 75 00 70 03 75 00 70 03 76 00 70 03 76 00 70 03 75 00 70 03 76 00 70 03 74 00 70 03 
0e 40 40 00 00 ff ff 00 ff 00 72 00 6f 00 66 00 69 00 6c 00 65 00 31 00 00 00 00 00 00 00 00 00 00 00 00 00 5a 00 70 03 75 00 70 03 76 00 70 03 76 00 70 03 75 00 70 03 76 00 70 03 74 00 70 03 
0e 40 41 00 00 ff ff 00 ff 00 72 00 6f 00 66 00 69 00 6c 00 65 00 31 00 00 00 00 00 00 00 00 00 00 00 00 00 5a 00 e6 8f 75 00 70 03 76 00 70 03 76 00 70 03 75 00 70 03 76 00 70 03 74 00 70 03 
0e 40 42 00 00 ff ff 00 ff 00 72 00 6f 00 66 00 69 00 6c 00 65 00 31 00 00 00 00 00 00 00 00 00 00 00 00 00 5a 00 e6 8f 85 5e 70 03 76 00 70 03 76 00 70 03 75 00 70 03 76 00 70 03 74 00 70 03 
0e 40 43 00 00 ff ff 00 ff 00 72 00 6f 00 66 00 69 00 6c 00 65 00 31 00 00 00 00 00 00 00 00 00 00 00 00 00 5a 00 e6 8f 85 5e 70 07 76 00 70 03 76 00 70 03 75 00 70 03 76 00 70 03 74 00 70 03 
0e 40 44 00 00 ff ff 00 ff 00 72 00 6f 00 66 00 69 00 6c 00 65 00 31 00 00 00 00 00 00 00 00 00 00 00 00 00 5a 00 e6 8f 85 5e 70 07 a2 47 70 03 76 00 70 03 75 00 70 03 76 00 70 03 74 00 70 03 
0e 40 45 00 00 ff ff 00 ff 00 72 00 6f 00 66 00 69 00 6c 00 65 00 31 00 00 00 00 00 00 00 00 00 00 00 00 00 5a 00 e6 8f 85 5e 70 07 a2 47 95 a7 76 00 70 03 75 00 70 03 76 00 70 03 74 00 70 03 
0e 40 46 00 00 ff ff 00 ff 00 72 00 6f 00 66 00 69 00 6c 00 65 00 31 00 00 00 00 00 00 00 00 00 00 00 00 00 5a 00 e6 8f 85 5e 70 07 a2 47 95 a7 48 c8 70 03 75 00 70 03 76 00 70 03 74 00 70 03 
0e 40 47 00 00 ff ff 00 ff 00 72 00 6f 00 66 00 69 00 6c 00 65 00 31 00 00 00 00 00 00 00 00 00 00 00 00 00 5a 00 e6 8f 85 5e 70 07 a2 47 95 a7 48 c8 d3 84 75 00 70 03 76 00 70 03 74 00 70 03 
0e 40 48 00 00 ff ff 00 ff 00 72 00 6f 00 66 00 69 00 6c 00 65 00 31 00 00 00 00 00 00 00 00 00 00 00 00 00 5a 00 e6 8f 85 5e 70 07 a2 47 95 a7 48 c8 d3 84 dd 09 70 03 76 00 70 03 74 00 70 03 
0e 40 49 00 00 ff ff 00 ff 00 72 00 6f 00 66 00 69 00 6c 00 65 00 31 00 00 00 00 00 00 00 00 00 00 00 00 00 5a 00 e6 8f 85 5e 70 07 a2 47 95 a7 48 c8 d3 84 dd 09 eb bc 76 00 70 03 74 00 70 03 
0e 40 4a 00 00 ff ff 00 ff 00 72 00 6f 00 66 00 69 00 6c 00 65 00 31 00 00 00 00 00 00 00 00 00 00 00 00 00 5a 00 e6 8f 85 5e 70 07 a2 47 95 a7 48 c8 d3 84 dd 09 eb bc 51 6f 70 03 74 00 70 03 
0e 40 4b 00 00 ff ff 00 ff 00 72 00 6f 00 66 00 69 00 6c 00 65 00 31 00 00 00 00 00 00 00 00 00 00 00 00 00 5a 00 e6 8f 85 5e 70 07 a2 47 95 a7 48 c8 d3 84 dd 09 eb bc 51 6f 00 00 74 00 70 03 
0e 40 4c 00 00 ff ff 00 ff 00 72 00 6f 00 66 00 69 00 6c 00 65 00 31 00 00 00 00 00 00 00 00 00 00 00 00 00 5a 00 e6 8f 85 5e 70 07 a2 47 95 a7 48 c8 d3 84 dd 09 eb bc 51 6f 00 00 00 00 70 03 
0e 40 4d 00 00 ff ff 00 ff 00 72 00 6f 00 66 00 69 00 6c 00 65 00 31 00 00 00 00 00 00 00 00 00 00 00 00 00 5a 00 e6 8f 85 5e 70 07 a2 47 95 a7 48 c8 d3 84 dd 09 eb bc 51 6f 00 00 00 00 00 00 
0e 40 4e 00 00 ff ff 00 ff 00 72 00 6f 00 66 00 69 00 6c 00 65 00 31 00 00 00 00 00 00 00 00 00 00 00 00 00 5a 00 e6 8f 85 5e 70 07 a2 47 95 a7 48 c8 d3 84 dd 09 eb bc 51 6f 00 00 00 00 00 00 
0e 40 77 00 80 80 80 80 ff 00 72 00 00 00 66 00 69 00 6c 00 65 00 31 00 00 00 00 00 00 00 00 00 00 00 00 00 5a 00 e6 8f 85 5e 70 07 a2 47 95 a7 48 c8 d3 84 dd 09 eb bc 51 6f 00 00 00 00 00 00 
0e 40 96 00 80 80 80 80 80 00 4a 00 00 00 66 00 69 00 6c 00 00 00 31 00 00 00 00 00 00 00 00 00 00 00 00 00 5a 00 e6 8f 85 5e 70 07 a2 47 95 a7 48 c8 d3 84 dd 09 eb bc 51 6f 00 00 00 00 00 00 
0e fe 00 00 00 80 80 80 80 00 4a 00 00 00 66 00 69 00 6c 00 00 00 31 00 00 00 00 00 00 00 00 00 00 00 00 00 5a 00 e6 8f 85 5e 70 07 a2 47 95 a7 48 c8 d3 84 dd 09 eb bc 51 6f 00 00 00 00 00 00 
