0e 00 00 00 01 01 01 00 00 00 00 00 00 00 00 00 00 00 00 00 00 00 00 00 00 00 00 00 00 00 00 00 00 00 00 00 00 00 00 00 00 00 00 00 00 00 00 00 00 00 00 00 00 00 00 00 00 00 00 00 00 00 00 00 
0e 01 00 00 01 01 00 01 05 03 12 00 1c 1b 13 1b 01 01 01 06 c0 ff 40 00 03 00 00 00 02 04 00 00 00 00 00 00 00 00 00 00 00 00 00 00 00 00 00 00 00 00 00 00 00 00 00 00 00 00 00 00 00 00 00 00 
0e 02 00 00 00 00 00 00 00 00 00 00 00 00 00 00 00 00 00 00 00 00 00 00 00 00 00 00 00 00 00 00 00 00 00 00 00 00 00 00 00 00 00 00 00 00 00 00 00 00 00 00 00 00 00 00 00 00 00 00 00 00 00 00 
0e 15 01 00 02 2f b1 1e 18 85 84 42 8c 7a 2c bd cb 7e e7 11 2e e4 55 2d 00 00 00 00 00 00 00 00 00 00 00 00 00 00 00 00 00 00 00 00 00 00 00 00 00 00 00 00 00 00 00 00 00 00 00 00 00 00 00 00 
0e 16 01 00 44 00 65 00 66 00 61 00 75 00 6c 00 74 00 00 00 00 00 00 00 00 00 00 00 00 00 00 00 00 00 00 00 00 00 00 00 00 00 00 00 00 00 00 00 00 00 00 00 00 00 00 00 00 00 00 00 00 00 00 00 
0e 17 00 00 00 00 00 00 00 00 00 00 00 00 00 00 00 00 00 00 00 00 00 00 00 00 00 00 00 00 00 00 00 00 00 00 00 00 00 00 00 00 00 00 00 00 00 00 00 00 00 00 00 00 00 00 00 00 00 00 00 00 00 00 
0e 40 01 00 00 80 00 00 00 00 00 00 00 00 00 00 00 00 00 00 00 00 00 00 00 00 00 00 00 00 00 00 00 00 00 00 00 00 00 00 00 00 00 00 00 00 00 00 00 00 00 00 00 00 00 00 00 00 00 00 00 00 00 00 
0e 40 02 00 00 80 00 80 00 00 00 00 00 00 00 00 00 00 00 00 00 00 00 00 00 00 00 00 00 00 00 00 00 00 00 00 00 00 00 00 00 00 00 00 00 00 00 00 00 00 00 00 00 00 00 00 00 00 00 00 00 00 00 00 
0e 40 03 00 00 80 00 80 00 80 00 00 00 00 00 00 00 00 00 00 00 00 00 00 00 00 00 00 00 00 00 00 00 00 00 00 00 00 00 00 00 00 00 00 00 00 00 00 00 00 00 00 00 00 00 00 00 00 00 00 00 00 00 00 
0e 40 04 00 00 80 00 80 00 80 00 80 00 00 00 00 00 00 00 00 00 00 00 00 00 00 00 00 00 00 00 00 00 00 00 00 00 00 00 00 00 00 00 00 00 00 00 00 00 00 00 00 00 00 00 00 00 00 00 00 00 00 00 00 
0e 40 05 00 00 80 00 80 00 80 00 80 00 80 00 00 00 00 00 00 00 00 00 00 00 00 00 00 00 00 00 00 00 00 00 00 00 00 00 00 00 00 00 00 00 00 00 00 00 00 00 00 00 00 00 00 00 00 00 00 00 00 00 00 
0e 40 06 00 00 80 00 80 00 80 00 80 00 80 00 80 00 00 00 00 00 00 00 00 00 00 00 00 00 00 00 00 00 00 00 00 00 00 00 00 00 00 00 00 00 00 00 00 00 00 00 00 00 00 00 00 00 00 00 00 00 00 00 00 
0e 40 07 00 00 80 00 80 00 80 00 80 00 80 00 80 00 80 00 00 00 00 00 00 00 00 00 00 00 00 00 00 00 00 00 00 00 00 00 00 00 00 00 00 00 00 00 00 00 00 00 00 00 00 00 00 00 00 00 00 00 00 00 00 
0e 40 08 00 00 80 00 80 00 80 00 80 00 80 00 80 00 80 00 80 00 00 00 00 00 00 00 00 00 00 00 00 00 00 00 00 00 00 00 00 00 00 00 00 00 00 00 00 00 00 00 00 00 00 00 00 00 00 00 00 00 00 00 00 
0e 40 09 00 00 80 00 80 00 80 00 80 00 80 00 80 00 80 00 80 00 80 00 00 00 00 00 00 00 00 00 00 00 00 00 00 00 00 00 00 00 00 00 00 00 00 00 00 00 00 00 00 00 00 00 00 00 00 00 00 00 00 00 00 
0e 40 0a 00 00 80 00 80 00 80 00 80 00 80 00 80 00 80 00 80 00 80 00 80 00 00 00 00 00 00 00 00 00 00 00 00 00 00 00 00 00 00 00 00 00 00 00 00 00 00 00 00 00 00 00 00 00 00 00 00 00 00 00 00 
0e 40 0b 00 00 80 00 80 00 80 00 80 00 80 00 80 00 80 00 80 00 80 00 80 00 80 00 00 00 00 00 00 00 00 00 00 00 00 00 00 00 00 00 00 00 00 00 00 00 00 00 00 00 00 00 00 00 00 00 00 00 00 00 00 
0e 40 0c 00 00 80 00 80 00 80 00 80 00 80 00 80 00 80 00 80 00 80 00 80 00 80 00 80 00 00 00 00 00 00 00 00 00 00 00 00 00 00 00 00 00 00 00 00 00 00 00 00 00 00 00 00 00 00 00 00 00 00 00 00 
0e 40 0d 00 00 80 00 80 00 80 00 80 00 80 00 80 00 80 00 80 00 80 00 80 00 80 00 80 00 80 00 00 00 00 00 00 00 00 00 00 00 00 00 00 00 00 00 00 00 00 00 00 00 00 00 00 00 00 00 00 00 00 00 00 
0e 40 0e 00 00 80 00 80 00 80 00 80 00 80 00 80 00 80 00 80 00 80 00 80 00 80 00 80 00 80 00 80 00 00 00 00 00 00 00 00 00 00 00 00 00 00 00 00 00 00 00 00 00 00 00 00 00 00 00 00 00 00 00 00 
0e 40 0f 00 00 80 00 80 00 80 00 80 00 80 00 80 00 80 00 80 00 80 00 80 00 80 00 80 00 80 00 80 00 80 00 00 00 00 00 00 00 00 00 00 00 00 00 00 00 00 00 00 00 00 00 00 00 00 00 00 00 00 00 00 
0e 40 10 00 00 80 00 80 00 80 00 80 00 80 00 80 00 80 00 80 00 80 00 80 00 80 00 80 00 80 00 80 00 80 00 80 00 00 00 00 00 00 00 00 00 00 00 00 00 00 00 00 00 00 00 00 00 00 00 00 00 00 00 00 
0e 40 11 00 00 80 00 80 00 80 00 80 00 80 00 80 00 80 00 80 00 80 00 80 00 80 00 80 00 80 00 80 00 80 00 80 00 80 00 00 00 00 00 00 00 00 00 00 00 00 00 00 00 00 00 00 00 00 00 00 00 00 00 00 
0e 40 12 00 00 80 00 80 00 80 00 80 00 80 00 80 00 80 00 80 00 80 00 80 00 80 00 80 00 80 00 80 00 80 00 80 00 80 00 80 00 00 00 00 00 00 00 00 00 00 00 00 00 00 00 00 00 00 00 00 00 00 00 00 
0e 40 13 00 00 80 00 80 00 80 00 80 00 80 00 80 00 80 00 80 00 80 00 80 00 80 00 80 00 80 00 80 00 80 00 80 00 80 00 80 00 80 00 00 00 00 00 00 00 00 00 00 00 00 00 00 00 00 00 00 00 00 00 00 
0e 40 14 00 00 80 00 80 00 80 00 80 00 80 00 80 00 80 00 80 00 80 00 80 00 80 00 80 00 80 00 80 00 80 00 80 00 80 00 80 00 80 00 80 00 00 00 00 00 00 00 00 00 00 00 00 00 00 00 00 00 00 00 00 
0e 40 15 00 00 80 00 80 00 80 00 80 00 80 00 80 00 80 00 80 00 80 00 80 00 80 00 80 00 80 00 80 00 80 00 80 00 80 00 80 00 80 00 80 00 80 00 00 00 00 00 00 00 00 00 00 00 00 00 00 00 00 00 00 
0e 40 16 00 00 80 00 80 00 80 00 80 00 80 00 80 00 80 00 80 00 80 00 80 00 80 00 80 00 80 00 80 00 80 00 80 00 80 00 80 00 80 00 80 00 80 00 80 00 00 00 00 00 00 00 00 00 00 00 00 00 00 00 00 
0e 40 17 00 00 80 00 80 00 80 00 80 00 80 00 80 00 80 00 80 00 80 00 80 00 80 00 80 00 80 00 80 00 80 00 80 00 80 00 80 00 80 00 80 00 80 00 80 00 80 00 00 00 00 00 00 00 00 00 00 00 00 00 00 
0e 40 18 00 00 80 00 80 00 80 00 80 00 80 00 80 00 80 00 80 00 80 00 80 00 80 00 80 00 80 00 80 00 80 00 80 00 80 00 80 00 80 00 80 00 80 00 80 00 80 00 80 00 00 00 00 00 00 00 00 00 00 00 00 
0e 40 19 00 00 80 00 80 00 80 00 80 00 80 00 80 00 80 00 80 00 80 00 80 00 80 00 80 00 80 00 80 00 80 00 80 00 80 00 80 00 80 00 80 00 80 00 80 00 80 00 80 00 80 00 00 00 00 00 00 00 00 00 00 
0e 40 1a 00 00 80 00 80 00 80 00 80 00 80 00 80 00 80 00 80 00 80 00 80 00 80 00 80 00 80 00 80 00 80 00 80 00 80 00 80 00 80 00 80 00 80 00 80 00 80 00 80 00 80 00 80 00 00 00 00 00 00 00 00 
0e 40 1b 00 00 80 00 80 00 80 00 80 00 80 00 80 00 80 00 80 00 80 00 80 00 80 00 80 00 80 00 80 00 80 00 80 00 80 00 80 00 80 00 80 00 80 00 80 00 80 00 80 00 80 00 80 00 80 00 00 00 00 00 00 
0e 40 1c 00 00 80 00 80 00 80 00 80 00 80 00 80 00 80 00 80 00 80 00 80 00 80 00 80 00 80 00 80 00 80 00 80 00 80 00 80 00 80 00 80 00 80 00 80 00 80 00 80 00 80 00 80 00 80 00 80 00 00 00 00 
0e 40 1d 00 00 80 00 80 00 80 00 80 00 80 00 80 00 80 00 80 00 80 00 80 00 80 00 80 00 80 00 80 00 80 00 80 00 80 00 80 00 80 00 80 00 80 00 80 00 80 00 80 00 80 00 80 00 80 00 80 00 80 00 00 
0e 40 1e 00 00 80 00 80 00 80 00 80 00 80 00 80 00 80 00 80 00 80 00 80 00 80 00 80 00 80 00 80 00 80 00 80 00 80 00 80 00 80 00 80 00 80 00 80 00 80 00 80 00 80 00 80 00 80 00 80 00 80 00 80 
0e 40 23 00 00 00 00 00 00 00 00 00 00 00 00 00 00 00 00 00 00 00 00 00 00 00 00 00 00 00 00 00 00 00 00 00 00 00 00 00 00 00 00 00 00 00 00 00 00 00 00 00 00 00 00 00 00 00 00 00 00 00 00 00 
0e fe 00 00 00 01 00 00 00 00 00 00 00 00 00 00 00 00 00 00 00 00 00 00 00 00 00 00 00 00 00 00 00 00 00 00 00 00 00 00 00 00 00 00 00 00 00 00 00 00 00 00 00 00 00 00 00 00 00 00 00 00 00 00 
0e ff 00 00 00 00 00 00 00 00 00 00 00 00 00 00 00 00 00 00 00 00 00 00 00 00 00 00 00 00 00 00 00 00 00 00 00 00 00 00 00 00 00 00 00 00 00 00 00 00 00 00 00 00 00 00 00 00 00 00 00 00 00 00 
