0e 00 00 00 01 01 01 00 00 00 00 00 00 00 00 00 00 00 00 00 00 00 00 00 00 00 00 00 00 00 00 00 00 00 00 00 00 00 00 00 00 00 00 00 00 00 00 00 00 00 00 00 00 00 00 00 00 00 00 00 00 00 00 00 
0e 01 00 00 01 01 00 01 05 02 11 00 1c 1b 13 1b 01 01 01 06 c0 ff 40 01 03 00 00 00 02 04 00 00 00 00 00 00 00 00 00 00 00 00 00 00 00 00 00 00 00 00 00 00 00 00 00 00 00 00 00 00 00 00 00 00 
0e 01 00 00 00 01 00 01 05 02 11 00 1c 1b 13 1b 01 01 01 06 c0 ff 40 01 03 00 00 00 02 04 00 00 00 00 00 00 00 00 00 00 00 00 00 00 00 00 00 00 00 00 00 00 00 00 00 00 00 00 00 00 00 00 00 00 
0e 14 00 00 00 00 1b 13 00 00 00 00 00 00 00 00 00 00 00 00 ed 0b 71 5c 00 00 00 00 00 00 00 00 00 00 00 00 00 00 00 00 00 00 00 00 00 00 00 00 00 00 00 00 00 00 00 00 00 00 00 00 00 00 00 00 
0e 14 00 00 48 00 77 00 50 00 72 00 6f 00 66 00 69 00 6c 00 65 00 31 00 00 00 00 00 00 00 00 00 00 00 00 00 00 00 00 00 00 00 00 00 00 00 00 00 00 00 00 00 00 00 00 00 00 00 00 00 00 00 00 00 
0e 40 01 00 00 80 77 00 50 00 72 00 6f 00 66 00 69 00 6c 00 65 00 31 00 00 00 00 00 00 00 00 00 00 00 00 00 00 00 00 00 00 00 00 00 00 00 00 00 00 00 00 00 00 00 00 00 00 00 00 00 00 00 00 00 
0e 40 02 00 00 80 00 80 50 00 72 00 6f 00 66 00 69 00 6c 00 65 00 31 00 00 00 00 00 00 00 00 00 00 00 00 00 00 00 00 00 00 00 00 00 00 00 00 00 00 00 00 00 00 00 00 00 00 00 00 00 00 00 00 00 
0e 40 03 00 00 80 00 80 00 80 72 00 6f 00 66 00 69 00 6c 00 65 00 31 00 00 00 00 00 00 00 00 00 00 00 00 00 00 00 00 00 00 00 00 00 00 00 00 00 00 00 00 00 00 00 00 00 00 00 00 00 00 00 00 00 
0e 40 04 00 00 80 00 80 00 80 00 80 6f 00 66 00 69 00 6c 00 65 00 31 00 00 00 00 00 00 00 00 00 00 00 00 00 00 00 00 00 00 00 00 00 00 00 00 00 00 00 00 00 00 00 00 00 00 00 00 00 00 00 00 00 
0e 40 05 00 00 80 00 80 00 80 00 80 00 80 66 00 69 00 6c 00 65 00 31 00 00 00 00 00 00 00 00 00 00 00 00 00 00 00 00 00 00 00 00 00 00 00 00 00 00 00 00 00 00 00 00 00 00 00 00 00 00 00 00 00 
0e 40 06 00 00 80 00 80 00 80 00 80 00 80 00 80 69 00 6c 00 65 00 31 00 00 00 00 00 00 00 00 00 00 00 00 00 00 00 00 00 00 00 00 00 00 00 00 00 00 00 00 00 00 00 00 00 00 00 00 00 00 00 00 00 
0e 40 07 00 00 80 00 80 00 80 00 80 00 80 00 80 00 80 6c 00 65 00 31 00 00 00 00 00 00 00 00 00 00 00 00 00 00 00 00 00 00 00 00 00 00 00 00 00 00 00 00 00 00 00 00 00 00 00 00 00 00 00 00 00 
0e 40 08 00 00 80 00 80 00 80 00 80 00 80 00 80 00 80 00 80 65 00 31 00 00 00 00 00 00 00 00 00 00 00 00 00 00 00 00 00 00 00 00 00 00 00 00 00 00 00 00 00 00 00 00 00 00 00 00 00 00 00 00 00 
0e 40 09 00 00 80 00 80 00 80 00 80 00 80 00 80 00 80 00 80 00 80 31 00 00 00 00 00 00 00 00 00 00 00 00 00 00 00 00 00 00 00 00 00 00 00 00 00 00 00 00 00 00 00 00 00 00 00 00 00 00 00 00 00 
0e 40 0a 00 00 80 00 80 00 80 00 80 00 80 00 80 00 80 00 80 00 80 00 80 00 00 00 00 00 00 00 00 00 00 00 00 00 00 00 00 00 00 00 00 00 00 00 00 00 00 00 00 00 00 00 00 00 00 00 00 00 00 00 00 
0e 40 0b 00 00 80 00 80 00 80 00 80 00 80 00 80 00 80 00 80 00 80 00 80 00 80 00 00 00 00 00 00 00 00 00 00 00 00 00 00 00 00 00 00 00 00 00 00 00 00 00 00 00 00 00 00 00 00 00 00 00 00 00 00 
0e 40 0c 00 00 80 00 80 00 80 00 80 00 80 00 80 00 80 00 80 00 80 00 80 00 80 00 80 00 00 00 00 00 00 00 00 00 00 00 00 00 00 00 00 00 00 00 00 00 00 00 00 00 00 00 00 00 00 00 00 00 00 00 00 
0e 40 0d 00 00 80 00 80 00 80 00 80 00 80 00 80 00 80 00 80 00 80 00 80 00 80 00 80 00 80 00 00 00 00 00 00 00 00 00 00 00 00 00 00 00 00 00 00 00 00 00 00 00 00 00 00 00 00 00 00 00 00 00 00 
0e 40 0e 00 00 80 00 80 00 80 00 80 00 80 00 80 00 80 00 80 00 80 00 80 00 80 00 80 00 80 00 80 00 00 00 00 00 00 00 00 00 00 00 00 00 00 00 00 00 00 00 00 00 00 00 00 00 00 00 00 00 00 00 00 
0e 40 0f 00 00 80 00 80 00 80 00 80 00 80 00 80 00 80 00 80 00 80 00 80 00 80 00 80 00 80 00 80 00 80 00 00 00 00 00 00 00 00 00 00 00 00 00 00 00 00 00 00 00 00 00 00 00 00 00 00 00 00 00 00 
0e 40 10 00 00 80 00 80 00 80 00 80 00 80 00 80 00 80 00 80 00 80 00 80 00 80 00 80 00 80 00 80 00 80 00 80 00 00 00 00 00 00 00 00 00 00 00 00 00 00 00 00 00 00 00 00 00 00 00 00 00 00 00 00 
0e 40 11 00 00 80 00 80 00 80 00 80 00 80 00 80 00 80 00 80 00 80 00 80 00 80 00 80 00 80 00 80 00 80 00 80 00 80 00 00 00 00 00 00 00 00 00 00 00 00 00 00 00 00 00 00 00 00 00 00 00 00 00 00 
0e 40 12 00 00 80 00 80 00 80 00 80 00 80 00 80 00 80 00 80 00 80 00 80 00 80 00 80 00 80 00 80 00 80 00 80 00 80 00 80 00 00 00 00 00 00 00 00 00 00 00 00 00 00 00 00 00 00 00 00 00 00 00 00 
0e 40 13 00 00 80 00 80 00 80 00 80 00 80 00 80 00 80 00 80 00 80 00 80 00 80 00 80 00 80 00 80 00 80 00 80 00 80 00 80 00 80 00 00 00 00 00 00 00 00 00 00 00 00 00 00 00 00 00 00 00 00 00 00 
0e 40 14 00 00 80 00 80 00 80 00 80 00 80 00 80 00 80 00 80 00 80 00 80 00 80 00 80 00 80 00 80 00 80 00 80 00 80 00 80 00 80 00 80 00 00 00 00 00 00 00 00 00 00 00 00 00 00 00 00 00 00 00 00 
0e 40 15 00 00 80 00 80 00 80 00 80 00 80 00 80 00 80 00 80 00 80 00 80 00 80 00 80 00 80 00 80 00 80 00 80 00 80 00 80 00 80 00 80 00 80 00 00 00 00 00 00 00 00 00 00 00 00 00 00 00 00 00 00 
0e 40 16 00 00 80 00 80 00 80 00 80 00 80 00 80 00 80 00 80 00 80 00 80 00 80 00 80 00 80 00 80 00 80 00 80 00 80 00 80 00 80 00 80 00 80 00 80 00 00 00 00 00 00 00 00 00 00 00 00 00 00 00 00 
0e 40 17 00 00 80 00 80 00 80 00 80 00 80 00 80 00 80 00 80 00 80 00 80 00 80 00 80 00 80 00 80 00 80 00 80 00 80 00 80 00 80 00 80 00 80 00 80 00 80 00 00 00 00 00 00 00 00 00 00 00 00 00 00 
0e 40 18 00 00 80 00 80 00 80 00 80 00 80 00 80 00 80 00 80 00 80 00 80 00 80 00 80 00 80 00 80 00 80 00 80 00 80 00 80 00 80 00 80 00 80 00 80 00 80 00 80 00 00 00 00 00 00 00 00 00 00 00 00 
0e 40 19 00 00 80 00 80 00 80 00 80 00 80 00 80 00 80 00 80 00 80 00 80 00 80 00 80 00 80 00 80 00 80 00 80 00 80 00 80 00 80 00 80 00 80 00 80 00 80 00 80 00 80 00 00 00 00 00 00 00 00 00 00 
0e 40 1a 00 00 80 00 80 00 80 00 80 00 80 00 80 00 80 00 80 00 80 00 80 00 80 00 80 00 80 00 80 00 80 00 80 00 80 00 80 00 80 00 80 00 80 00 80 00 80 00 80 00 80 00 80 00 00 00 00 00 00 00 00 
0e 40 1b 00 00 80 00 80 00 80 00 80 00 80 00 80 00 80 00 80 00 80 00 80 00 80 00 80 00 80 00 80 00 80 00 80 00 80 00 80 00 80 00 80 00 80 00 80 00 80 00 80 00 80 00 80 00 80 00 00 00 00 00 00 
0e 40 1c 00 00 80 00 80 00 80 00 80 00 80 00 80 00 80 00 80 00 80 00 80 00 80 00 80 00 80 00 80 00 80 00 80 00 80 00 80 00 80 00 80 00 80 00 80 00 80 00 80 00 80 00 80 00 80 00 80 00 00 00 00 
0e 40 1d 00 00 80 00 80 00 80 00 80 00 80 00 80 00 80 00 80 00 80 00 80 00 80 00 80 00 80 00 80 00 80 00 80 00 80 00 80 00 80 00 80 00 80 00 80 00 80 00 80 00 80 00 80 00 80 00 80 00 80 00 00 
0e 40 1e 00 00 80 00 80 00 80 00 80 00 80 00 80 00 80 00 80 00 80 00 80 00 80 00 80 00 80 00 80 00 80 00 80 00 80 00 80 00 80 00 80 00 80 00 80 00 80 00 80 00 80 00 80 00 80 00 80 00 80 00 80 
0e 40 23 00 00 00 00 00 00 00 00 00 00 00 00 00 00 00 00 00 00 00 00 00 00 00 00 00 00 00 00 00 00 00 00 00 00 00 00 00 00 00 00 00 00 00 00 00 00 00 00 00 00 00 00 00 00 00 00 00 00 00 00 00 
0e fe 00 00 00 01 00 00 00 00 00 00 00 00 00 00 00 00 00 00 00 00 00 00 00 00 00 00 00 00 00 00 00 00 00 00 00 00 00 00 00 00 00 00 00 00 00 00 00 00 00 00 00 00 00 00 00 00 00 00 00 00 00 00 
