0e 00 00 00 01 01 00 00 00 00 00 00 00 00 00 00 00 00 00 00 00 00 00 00 00 00 00 00 00 00 00 00 00 00 00 00 00 00 00 00 00 00 00 00 00 00 00 00 00 00 00 00 00 00 00 00 00 00 00 00 00 00 00 00 
0e 01 00 00 01 01 00 01 04 02 02 00 1c 1b 1e 1b 01 01 01 30 c1 ff 40 03 5e 00 01 00 00 00 00 00 00 00 00 00 00 00 00 01 00 00 01 01 00 01 00 00 6c dc 02 00 00 00 00 00 00 00 00 00 00 00 00 00 
0e 0e 00 00 00 01 00 01 04 02 02 00 1c 1b 1e 1b 01 01 01 30 c1 ff 40 03 5e 00 01 00 00 00 00 00 00 00 00 00 00 00 00 01 00 00 01 01 00 01 00 00 6c dc 02 00 00 00 00 00 00 00 00 00 00 00 00 00 
0e 11 01 00 89 00 2d 00 04 02 02 00 1c 1b 1e 1b 01 01 01 30 c1 ff 40 03 5e 00 01 00 00 00 00 00 00 00 00 00 00 00 00 01 00 00 01 01 00 01 00 00 6c dc 02 00 00 00 00 00 00 00 00 00 00 00 00 00 
0e 11 02 00 8b 00 2d 00 8a 00 2d 00 1c 1b 1e 1b 01 01 01 30 c1 ff 40 03 5e 00 01 00 00 00 00 00 00 00 00 00 00 00 00 01 00 00 01 01 00 01 00 00 6c dc 02 00 00 00 00 00 00 00 00 00 00 00 00 00 
0e 11 03 00 8a 00 2d 00 89 00 2d 00 8a 00 2d 00 01 01 01 30 c1 ff 40 03 5e 00 01 00 00 00 00 00 00 00 00 00 00 00 00 01 00 00 01 01 00 01 00 00 6c dc 02 00 00 00 00 00 00 00 00 00 00 00 00 00 
0e 11 04 00 89 00 2d 00 87 00 2d 00 89 00 2d 00 89 00 2d 00 c1 ff 40 03 5e 00 01 00 00 00 00 00 00 00 00 00 00 00 00 01 00 00 01 01 00 01 00 00 6c dc 02 00 00 00 00 00 00 00 00 00 00 00 00 00 
0e 11 05 00 8a 00 2d 00 89 00 2d 00 88 00 2d 00 89 00 2d 00 8a 00 2d 00 5e 00 01 00 00 00 00 00 00 00 00 00 00 00 00 01 00 00 01 01 00 01 00 00 6c dc 02 00 00 00 00 00 00 00 00 00 00 00 00 00 
0e 11 06 00 8a 00 2d 00 8a 00 2d 00 8a 00 2d 00 89 00 2d 00 8b 00 2d 00 8a 00 2d 00 00 00 00 00 00 00 00 00 00 00 00 01 00 00 01 01 00 01 00 00 6c dc 02 00 00 00 00 00 00 00 00 00 00 00 00 00 
0e 11 07 00 8b 00 2d 00 8a 00 2d 00 89 00 2d 00 8a 00 2d 00 89 00 2d 00 89 00 2d 00 8b 00 2d 00 00 00 00 00 00 00 00 01 00 00 01 01 00 01 00 00 6c dc 02 00 00 00 00 00 00 00 00 00 00 00 00 00 
0e 11 08 00 89 00 2d 00 89 00 2d 00 8a 00 2d 00 8a 00 2d 00 89 00 2d 00 8b 00 2d 00 86 00 2d 00 88 00 2d 00 00 00 00 01 00 00 01 01 00 01 00 00 6c dc 02 00 00 00 00 00 00 00 00 00 00 00 00 00 
0e 11 09 00 89 00 2d 00 89 00 2d 00 88 00 2d 00 8a 00 2d 00 8a 00 2d 00 89 00 2d 00 8a 00 2d 00 8a 00 2d 00 88 00 2d 00 00 00 01 01 00 01 00 00 6c dc 02 00 00 00 00 00 00 00 00 00 00 00 00 00 
0e 11 0a 00 87 00 2d 00 8b 00 2d 00 8a 00 2d 00 89 00 2d 00 8a 00 2d 00 87 00 2d 00 8b 00 2d 00 8a 00 2d 00 89 00 2d 00 89 00 2d 00 00 01 00 00 6c dc 02 00 00 00 00 00 00 00 00 00 00 00 00 00 
0e 11 0b 00 88 00 2d 00 89 00 2d 00 8a 00 2d 00 8b 00 2d 00 89 00 2d 00 8c 00 2d 00 89 00 2d 00 89 00 2d 00 8a 00 2d 00 89 00 2d 00 89 00 2d 00 6c dc 02 00 00 00 00 00 00 00 00 00 00 00 00 00 
0e 11 0c 00 87 00 2d 00 8a 00 2d 00 89 00 2d 00 88 00 2d 00 8a 00 2d 00 8b 00 2d 00 8a 00 2d 00 8a 00 2d 00 8a 00 2d 00 8a 00 2d 00 89 00 2d 00 8a 00 2d 00 00 00 00 00 00 00 00 00 00 00 00 00 
0e 11 0d 00 87 00 2d 00 88 00 2d 00 8a 00 2d 00 8b 00 2d 00 88 00 2d 00 8a 00 2d 00 89 00 2d 00 89 00 2d 00 8a 00 2d 00 8a 00 2d 00 8b 00 2d 00 89 00 2d 00 8a 00 2d 00 00 00 00 00 00 00 00 00 
0e 11 0e 00 87 00 2d 00 89 00 2d 00 8a 00 2d 00 89 00 2d 00 89 00 2d 00 89 00 2d 00 89 00 2d 00 8a 00 2d 00 8a 00 2d 00 89 00 2d 00 89 00 2d 00 8a 00 2d 00 89 00 2d 00 8a 00 2d 00 00 00 00 00 
0e 13 01 00 01 01 2d 00 89 00 2d 00 89 00 2d 00 8a 00 2d 00 8a 00 2d 00 88 00 2d 00 89 00 2d 00 88 00 2d 00 89 00 2d 00 88 00 2d 00 8a 00 2d 00 8b 00 2d 00 8a 00 2d 00 89 00 2d 00 89 00 2d 00 
0e 13 02 00 02 01 2d 00 89 00 2d 00 89 00 2d 00 8a 00 2d 00 8a 00 2d 00 88 00 2d 00 89 00 2d 00 88 00 2d 00 89 00 2d 00 88 00 2d 00 8a 00 2d 00 8b 00 2d 00 8a 00 2d 00 89 00 2d 00 89 00 2d 00 
0e 13 03 00 05 01 2d 00 89 00 2d 00 89 00 2d 00 8a 00 2d 00 8a 00 2d 00 88 00 2d 00 89 00 2d 00 88 00 2d 00 89 00 2d 00 88 00 2d 00 8a 00 2d 00 8b 00 2d 00 8a 00 2d 00 89 00 2d 00 89 00 2d 00 
0e 13 04 00 00 01 2d 00 89 00 2d 00 89 00 2d 00 8a 00 2d 00 8a 00 2d 00 88 00 2d 00 89 00 2d 00 88 00 2d 00 89 00 2d 00 88 00 2d 00 8a 00 2d 00 8b 00 2d 00 8a 00 2d 00 89 00 2d 00 89 00 2d 00 
0e 13 05 00 3f 01 2d 00 89 00 2d 00 89 00 2d 00 8a 00 2d 00 8a 00 2d 00 88 00 2d 00 89 00 2d 00 88 00 2d 00 89 00 2d 00 88 00 2d 00 8a 00 2d 00 8b 00 2d 00 8a 00 2d 00 89 00 2d 00 89 00 2d 00 
0e 13 06 00 64 01 2d 00 89 00 2d 00 89 00 2d 00 8a 00 2d 00 8a 00 2d 00 88 00 2d 00 89 00 2d 00 88 00 2d 00 89 00 2d 00 88 00 2d 00 8a 00 2d 00 8b 00 2d 00 8a 00 2d 00 89 00 2d 00 89 00 2d 00 
0e 13 07 00 01 01 2d 00 89 00 2d 00 89 00 2d 00 8a 00 2d 00 8a 00 2d 00 88 00 2d 00 89 00 2d 00 88 00 2d 00 89 00 2d 00 88 00 2d 00 8a 00 2d 00 8b 00 2d 00 8a 00 2d 00 89 00 2d 00 89 00 2d 00 
0e 13 10 00 ff ff 00 00 89 00 2d 00 89 00 2d 00 8a 00 2d 00 8a 00 2d 00 88 00 2d 00 89 00 2d 00 88 00 2d 00 89 00 2d 00 88 00 2d 00 8a 00 2d 00 8b 00 2d 00 8a 00 2d 00 89 00 2d 00 89 00 2d 00 
0e 13 12 00 00 ff ff 00 89 00 2d 00 89 00 2d 00 8a 00 2d 00 8a 00 2d 00 88 00 2d 00 89 00 2d 00 88 00 2d 00 89 00 2d 00 88 00 2d 00 8a 00 2d 00 8b 00 2d 00 8a 00 2d 00 89 00 2d 00 89 00 2d 00 
0e 13 13 00 ff 00 00 00 89 00 2d 00 89 00 2d 00 8a 00 2d 00 8a 00 2d 00 88 00 2d 00 89 00 2d 00 88 00 2d 00 89 00 2d 00 88 00 2d 00 8a 00 2d 00 8b 00 2d 00 8a 00 2d 00 89 00 2d 00 89 00 2d 00 
0e 13 d0 00 00 90 01 90 01 ff 00 00 89 00 2d 00 8a 00 2d 00 8a 00 2d 00 88 00 2d 00 89 00 2d 00 88 00 2d 00 89 00 2d 00 88 00 2d 00 8a 00 2d 00 8b 00 2d 00 8a 00 2d 00 89 00 2d 00 89 00 2d 00 
0e 13 d1 00 00 20 03 20 03 ff 00 00 89 00 2d 00 8a 00 2d 00 8a 00 2d 00 88 00 2d 00 89 00 2d 00 88 00 2d 00 89 00 2d 00 88 00 2d 00 8a 00 2d 00 8b 00 2d 00 8a 00 2d 00 89 00 2d 00 89 00 2d 00 
0e 13 d2 00 00 dc 05 dc 05 ff ff ff 89 00 2d 00 8a 00 2d 00 8a 00 2d 00 88 00 2d 00 89 00 2d 00 88 00 2d 00 89 00 2d 00 88 00 2d 00 8a 00 2d 00 8b 00 2d 00 8a 00 2d 00 89 00 2d 00 89 00 2d 00 
0e 13 d3 00 00 b8 0b b8 0b 00 ff 00 89 00 2d 00 8a 00 2d 00 8a 00 2d 00 88 00 2d 00 89 00 2d 00 88 00 2d 00 89 00 2d 00 88 00 2d 00 8a 00 2d 00 8b 00 2d 00 8a 00 2d 00 89 00 2d 00 89 00 2d 00 
0e 13 d4 00 00 70 17 70 17 ff ff 00 89 00 2d 00 8a 00 2d 00 8a 00 2d 00 88 00 2d 00 89 00 2d 00 88 00 2d 00 89 00 2d 00 88 00 2d 00 8a 00 2d 00 8b 00 2d 00 8a 00 2d 00 89 00 2d 00 89 00 2d 00 
0e 13 d5 00 00 28 23 28 23 00 ff ff 89 00 2d 00 8a 00 2d 00 8a 00 2d 00 88 00 2d 00 89 00 2d 00 88 00 2d 00 89 00 2d 00 88 00 2d 00 8a 00 2d 00 8b 00 2d 00 8a 00 2d 00 89 00 2d 00 89 00 2d 00 
0e 15 01 00 00 00 1e 1b 00 00 00 00 00 00 00 00 00 00 00 00 00 00 00 00 00 00 00 00 00 00 00 00 00 00 00 00 89 00 2d 00 88 00 2d 00 8a 00 2d 00 8b 00 2d 00 8a 00 2d 00 89 00 2d 00 89 00 2d 00 
0e 16 01 00 48 00 77 00 50 00 72 00 6f 00 66 00 69 00 6c 00 65 00 31 00 00 00 00 00 00 00 00 00 00 00 00 00 89 00 2d 00 88 00 2d 00 8a 00 2d 00 8b 00 2d 00 8a 00 2d 00 89 00 2d 00 89 00 2d 00 
0e 20 00 00 ff 00 00 ff 00 ff 72 00 6f 00 66 00 69 00 6c 00 65 00 31 00 00 00 00 00 00 00 00 00 00 00 00 00 89 00 2d 00 88 00 2d 00 8a 00 2d 00 8b 00 2d 00 8a 00 2d 00 89 00 2d 00 89 00 2d 00 
0e 40 3d 00 ff 00 00 ff 00 ff 72 00 6f 00 66 00 69 40 6c 00 65 00 31 00 00 00 00 00 00 00 00 00 00 00 00 00 89 00 2d 00 88 00 2d 00 8a 00 2d 00 8b 00 2d 00 8a 00 2d 00 89 00 2d 00 89 00 2d 00 
0e 40 3f 00 ff 00 00 ff 00 ff 72 00 6f 00 66 00 69 40 6c 00 65 00 31 00 00 00 00 00 00 00 00 00 00 00 00 00 5a 00 2d 00 88 00 2d 00 8a 00 2d 00 8b 00 2d 00 8a 00 2d 00 89 00 2d 00 89 00 2d 00 
0e 40 40 00 ff 00 00 ff 00 ff 72 00 6f 00 66 00 69 40 6c 00 65 00 31 00 00 00 00 00 00 00 00 00 00 00 00 00 5a 00 00 00 88 00 2d 00 8a 00 2d 00 8b 00 2d 00 8a 00 2d 00 89 00 2d 00 89 00 2d 00 
0e 40 41 00 ff 00 00 ff 00 ff 72 00 6f 00 66 00 69 40 6c 00 65 00 31 00 00 00 00 00 00 00 00 00 00 00 00 00 5a 00 00 00 1e 1b 2d 00 8a 00 2d 00 8b 00 2d 00 8a 00 2d 00 89 00 2d 00 89 00 2d 00 
0e 40 42 00 ff 00 00 ff 00 ff 72 00 6f 00 66 00 69 40 6c 00 65 00 31 00 00 00 00 00 00 00 00 00 00 00 00 00 5a 00 00 00 1e 1b 00 00 8a 00 2d 00 8b 00 2d 00 8a 00 2d 00 89 00 2d 00 89 00 2d 00 
0e 40 43 00 ff 00 00 ff 00 ff 72 00 6f 00 66 00 69 40 6c 00 65 00 31 00 00 00 00 00 00 00 00 00 00 00 00 00 5a 00 00 00 1e 1b 00 00 00 00 2d 00 8b 00 2d 00 8a 00 2d 00 89 00 2d 00 89 00 2d 00 
0e 40 44 00 ff 00 00 ff 00 ff 72 00 6f 00 66 00 69 40 6c 00 65 00 31 00 00 00 00 00 00 00 00 00 00 00 00 00 5a 00 00 00 1e 1b 00 00 00 00 00 00 8b 00 2d 00 8a 00 2d 00 89 00 2d 00 89 00 2d 00 
0e 40 45 00 ff 00 00 ff 00 ff 72 00 6f 00 66 00 69 40 6c 00 65 00 31 00 00 00 00 00 00 00 00 00 00 00 00 00 5a 00 00 00 1e 1b 00 00 00 00 00 00 00 00 2d 00 8a 00 2d 00 89 00 2d 00 89 00 2d 00 
0e 40 46 00 ff 00 00 ff 00 ff 72 00 6f 00 66 00 69 40 6c 00 65 00 31 00 00 00 00 00 00 00 00 00 00 00 00 00 5a 00 00 00 1e 1b 00 00 00 00 00 00 00 00 00 00 8a 00 2d 00 89 00 2d 00 89 00 2d 00 
0e 40 48 00 ff 00 00 ff 00 ff 72 00 6f 00 66 00 69 40 6c 00 65 00 31 00 00 00 00 00 00 00 00 00 00 00 00 00 5a 00 00 00 1e 1b 00 00 00 00 00 00 00 00 00 00 8a 01 00 00 89 00 2d 00 89 00 2d 00 
0e 40 49 00 ff 00 00 ff 00 ff 72 00 6f 00 66 00 69 40 6c 00 65 00 31 00 00 00 00 00 00 00 00 00 00 00 00 00 5a 00 00 00 1e 1b 00 00 00 00 00 00 00 00 00 00 8a 01 00 00 00 00 2d 00 89 00 2d 00 
0e 40 4a 00 ff 00 00 ff 00 ff 72 00 6f 00 66 00 69 40 6c 00 65 00 31 00 00 00 00 00 00 00 00 00 00 00 00 00 5a 00 00 00 1e 1b 00 00 00 00 00 00 00 00 00 00 8a 01 00 00 00 00 00 00 89 00 2d 00 
0e 40 4b 00 ff 00 00 ff 00 ff 72 00 6f 00 66 00 69 40 6c 00 65 00 31 00 00 00 00 00 00 00 00 00 00 00 00 00 5a 00 00 00 1e 1b 00 00 00 00 00 00 00 00 00 00 8a 01 00 00 00 00 00 00 00 00 2d 00 
0e 40 4c 00 ff 00 00 ff 00 ff 72 00 6f 00 66 00 69 40 6c 00 65 00 31 00 00 00 00 00 00 00 00 00 00 00 00 00 5a 00 00 00 1e 1b 00 00 00 00 00 00 00 00 00 00 8a 01 00 00 00 00 00 00 00 00 00 00 
0e 40 4d 00 ff 00 00 ff 00 ff 72 00 6f 00 66 00 69 40 6c 00 65 00 31 00 00 00 00 00 00 00 00 00 00 00 00 00 5a 00 00 00 1e 1b 00 00 00 00 00 00 00 00 00 00 8a 01 00 00 00 00 00 00 00 00 00 00 
0e 40 61 00 80 00 00 ff 00 ff 72 00 6f 00 66 00 69 40 6c 00 65 00 31 00 00 00 00 00 00 00 00 00 00 00 00 00 5a 00 00 00 1e 1b 00 00 00 00 00 00 00 00 00 00 8a 01 00 00 00 00 00 00 00 00 00 00 
0e 40 80 00 80 80 80 80 80 ff 4a 00 40 00 66 00 69 40 6c 00 40 00 31 00 00 00 00 00 00 00 00 00 00 00 00 00 5a 00 00 00 1e 1b 00 00 00 00 00 00 00 00 00 00 8a 01 00 00 00 00 00 00 00 00 00 00 
0e 40 a9 00 80 80 80 80 80 ff 4a 00 40 00 66 00 69 40 6c 00 40 00 31 00 00 00 00 00 00 00 00 00 00 00 00 00 5a 00 00 00 1e 1b 00 00 00 00 00 00 00 00 00 00 8a 01 00 00 00 00 00 00 00 00 00 00 
0e 40 aa 00 80 80 80 80 80 ff 4a 00 40 00 66 00 69 40 6c 00 40 00 31 00 00 00 00 00 00 00 00 00 00 00 00 00 5a 00 00 00 1e 1b 00 00 00 00 00 00 00 00 00 00 8a 01 00 00 00 00 00 00 00 00 00 00 
0e 40 be 00 80 80 80 80 80 ff 4a 00 40 00 66 00 69 40 6c 40 40 00 31 00 00 00 00 00 00 00 00 00 00 00 00 00 5a 00 00 00 1e 1b 00 00 00 00 00 00 00 00 00 00 8a 01 00 00 00 00 00 00 00 00 00 00 
0e fe 00 00 00 80 80 80 80 ff 4a 00 40 00 66 00 69 40 6c 40 40 00 31 00 00 00 00 00 00 00 00 00 00 00 00 00 5a 00 00 00 1e 1b 00 00 00 00 00 00 00 00 00 00 8a 01 00 00 00 00 00 00 00 00 00 00 
