0e 00 00 00 01 01 01 00 00 00 00 00 00 00 00 00 00 00 00 00 00 00 00 00 00 00 00 00 00 00 00 00 00 00 00 00 00 00 00 00 00 00 00 00 00 00 00 00 00 00 00 00 00 00 00 00 00 00 00 00 00 00 00 00 
0e 01 00 00 01 01 00 01 08 03 04 00 1c 1b 2d 1b 01 01 00 00 c0 ff 40 00 03 00 00 00 02 00 03 00 00 00 00 00 00 00 00 00 00 00 00 00 00 00 00 00 00 00 00 00 00 00 00 00 00 00 00 00 00 00 00 00 
0e 05 00 00 00 0d 01 01 08 03 04 00 1c 1b 2d 1b 01 01 00 00 c0 ff 40 00 03 00 00 00 02 00 03 00 00 00 00 00 00 00 00 00 00 00 00 00 00 00 00 00 00 00 00 00 00 00 00 00 00 00 00 00 00 00 00 00 
0e 15 00 00 7a 1c d9 3d bc 3c 43 ed 9e 8e 43 4f 1d d7 2a 20 19 00 00 00 03 00 00 00 02 00 03 00 00 00 00 00 00 00 00 00 00 00 00 00 00 00 00 00 00 00 00 00 00 00 00 00 00 00 00 00 00 00 00 00 
0e 15 00 00 ed 81 27 4f 41 20 4d 8f 99 49 39 a6 d9 ed c9 8e 09 00 00 00 03 00 00 00 02 00 03 00 00 00 00 00 00 00 00 00 00 00 00 00 00 00 00 00 00 00 00 00 00 00 00 00 00 00 00 00 00 00 00 00 
0e 15 00 00 a9 65 6c a8 01 d4 4c bc 83 41 e5 06 78 07 b8 31 01 00 00 00 03 00 00 00 02 00 03 00 00 00 00 00 00 00 00 00 00 00 00 00 00 00 00 00 00 00 00 00 00 00 00 00 00 00 00 00 00 00 00 00 
0e 17 00 00 55 65 6c a8 01 d4 4c bc 83 41 e5 06 78 07 b8 31 01 00 00 00 03 00 00 00 02 00 03 00 00 00 00 00 00 00 00 00 00 00 00 00 00 00 00 00 00 00 00 00 00 00 00 00 00 00 00 00 00 00 00 00 
0e 17 01 00 55 65 6c a8 01 d4 4c bc 83 41 2c 01 78 07 b8 31 01 00 00 00 03 00 00 00 02 00 03 00 00 00 00 00 00 00 00 00 00 00 00 00 00 00 00 00 00 00 00 00 00 00 00 00 00 00 00 00 00 00 00 00 
0e 17 03 00 d8 07 00 00 01 d4 4c bc 83 41 2c 01 78 07 b8 31 01 00 00 00 03 00 00 00 02 00 03 00 00 00 00 00 00 00 00 00 00 00 00 00 00 00 00 00 00 00 00 00 00 00 00 00 00 00 00 00 00 00 00 00 
0e 17 04 00 7a 1c d9 3d bc 3c 43 ed 9e 8e 43 4f 1d d7 2a 20 19 00 00 00 ed 81 27 4f 41 20 4d 8f 99 49 39 a6 d9 ed c9 8e 09 00 00 00 a9 65 6c a8 01 d4 4c bc 83 41 e5 06 78 07 b8 31 01 00 00 00 
0e 40 01 00 00 80 7e 00 bc 3c 43 ed 9e 8e 43 4f 1d d7 2a 20 19 00 00 00 ed 81 27 4f 41 20 4d 8f 99 49 39 a6 d9 ed c9 8e 09 00 00 00 a9 65 6c a8 01 d4 4c bc 83 41 e5 06 78 07 b8 31 01 00 00 00 
0e 40 02 00 00 80 00 80 bc 3c 43 ed 9e 8e 43 4f 1d d7 2a 20 19 00 00 00 ed 81 27 4f 41 20 4d 8f 99 49 39 a6 d9 ed c9 8e 09 00 00 00 a9 65 6c a8 01 d4 4c bc 83 41 e5 06 78 07 b8 31 01 00 00 00 
0e 40 03 00 00 80 00 80 00 80 43 ed 9e 8e 43 4f 1d d7 2a 20 19 00 00 00 ed 81 27 4f 41 20 4d 8f 99 49 39 a6 d9 ed c9 8e 09 00 00 00 a9 65 6c a8 01 d4 4c bc 83 41 e5 06 78 07 b8 31 01 00 00 00 
0e 40 04 00 00 80 00 80 00 80 00 80 9e 8e 43 4f 1d d7 2a 20 19 00 00 00 ed 81 27 4f 41 20 4d 8f 99 49 39 a6 d9 ed c9 8e 09 00 00 00 a9 65 6c a8 01 d4 4c bc 83 41 e5 06 78 07 b8 31 01 00 00 00 
0e 40 05 00 00 80 00 80 00 80 00 80 00 80 43 4f 1d d7 2a 20 19 00 00 00 ed 81 27 4f 41 20 4d 8f 99 49 39 a6 d9 ed c9 8e 09 00 00 00 a9 65 6c a8 01 d4 4c bc 83 41 e5 06 78 07 b8 31 01 00 00 00 
0e 40 06 00 00 80 00 80 00 80 00 80 00 80 00 80 1d d7 2a 20 19 00 00 00 ed 81 27 4f 41 20 4d 8f 99 49 39 a6 d9 ed c9 8e 09 00 00 00 a9 65 6c a8 01 d4 4c bc 83 41 e5 06 78 07 b8 31 01 00 00 00 
0e 40 07 00 00 80 00 80 00 80 00 80 00 80 00 80 00 80 2a 20 19 00 00 00 ed 81 27 4f 41 20 4d 8f 99 49 39 a6 d9 ed c9 8e 09 00 00 00 a9 65 6c a8 01 d4 4c bc 83 41 e5 06 78 07 b8 31 01 00 00 00 
0e 40 08 00 00 80 00 80 00 80 00 80 00 80 00 80 00 80 00 80 19 00 00 00 ed 81 27 4f 41 20 4d 8f 99 49 39 a6 d9 ed c9 8e 09 00 00 00 a9 65 6c a8 01 d4 4c bc 83 41 e5 06 78 07 b8 31 01 00 00 00 
0e 40 09 00 00 80 00 80 00 80 00 80 00 80 00 80 00 80 00 80 00 80 00 00 ed 81 27 4f 41 20 4d 8f 99 49 39 a6 d9 ed c9 8e 09 00 00 00 a9 65 6c a8 01 d4 4c bc 83 41 e5 06 78 07 b8 31 01 00 00 00 
0e 40 0a 00 00 80 00 80 00 80 00 80 00 80 00 80 00 80 00 80 00 80 00 80 ed 81 27 4f 41 20 4d 8f 99 49 39 a6 d9 ed c9 8e 09 00 00 00 a9 65 6c a8 01 d4 4c bc 83 41 e5 06 78 07 b8 31 01 00 00 00 
0e 40 0b 00 00 80 00 80 00 80 00 80 00 80 00 80 00 80 00 80 00 80 00 80 00 80 27 4f 41 20 4d 8f 99 49 39 a6 d9 ed c9 8e 09 00 00 00 a9 65 6c a8 01 d4 4c bc 83 41 e5 06 78 07 b8 31 01 00 00 00 
0e 40 0c 00 00 80 00 80 00 80 00 80 00 80 00 80 00 80 00 80 00 80 00 80 00 80 00 80 41 20 4d 8f 99 49 39 a6 d9 ed c9 8e 09 00 00 00 a9 65 6c a8 01 d4 4c bc 83 41 e5 06 78 07 b8 31 01 00 00 00 
0e 40 0d 00 00 80 00 80 00 80 00 80 00 80 00 80 00 80 00 80 00 80 00 80 00 80 00 80 00 80 4d 8f 99 49 39 a6 d9 ed c9 8e 09 00 00 00 a9 65 6c a8 01 d4 4c bc 83 41 e5 06 78 07 b8 31 01 00 00 00 
0e 40 0e 00 00 80 00 80 00 80 00 80 00 80 00 80 00 80 00 80 00 80 00 80 00 80 00 80 00 80 00 80 99 49 39 a6 d9 ed c9 8e 09 00 00 00 a9 65 6c a8 01 d4 4c bc 83 41 e5 06 78 07 b8 31 01 00 00 00 
0e 40 0f 00 00 80 00 80 00 80 00 80 00 80 00 80 00 80 00 80 00 80 00 80 00 80 00 80 00 80 00 80 00 80 39 a6 d9 ed c9 8e 09 00 00 00 a9 65 6c a8 01 d4 4c bc 83 41 e5 06 78 07 b8 31 01 00 00 00 
0e 40 10 00 00 80 00 80 00 80 00 80 00 80 00 80 00 80 00 80 00 80 00 80 00 80 00 80 00 80 00 80 00 80 00 80 d9 ed c9 8e 09 00 00 00 a9 65 6c a8 01 d4 4c bc 83 41 e5 06 78 07 b8 31 01 00 00 00 
0e 40 11 00 00 80 00 80 00 80 00 80 00 80 00 80 00 80 00 80 00 80 00 80 00 80 00 80 00 80 00 80 00 80 00 80 00 80 c9 8e 09 00 00 00 a9 65 6c a8 01 d4 4c bc 83 41 e5 06 78 07 b8 31 01 00 00 00 
0e 40 12 00 00 80 00 80 00 80 00 80 00 80 00 80 00 80 00 80 00 80 00 80 00 80 00 80 00 80 00 80 00 80 00 80 00 80 00 80 09 00 00 00 a9 65 6c a8 01 d4 4c bc 83 41 e5 06 78 07 b8 31 01 00 00 00 
0e 40 13 00 00 80 00 80 00 80 00 80 00 80 00 80 00 80 00 80 00 80 00 80 00 80 00 80 00 80 00 80 00 80 00 80 00 80 00 80 00 80 00 00 a9 65 6c a8 01 d4 4c bc 83 41 e5 06 78 07 b8 31 01 00 00 00 
0e 40 14 00 00 80 00 80 00 80 00 80 00 80 00 80 00 80 00 80 00 80 00 80 00 80 00 80 00 80 00 80 00 80 00 80 00 80 00 80 00 80 00 80 a9 65 6c a8 01 d4 4c bc 83 41 e5 06 78 07 b8 31 01 00 00 00 
0e 40 15 00 00 80 00 80 00 80 00 80 00 80 00 80 00 80 00 80 00 80 00 80 00 80 00 80 00 80 00 80 00 80 00 80 00 80 00 80 00 80 00 80 00 80 6c a8 01 d4 4c bc 83 41 e5 06 78 07 b8 31 01 00 00 00 
0e 40 16 00 00 80 00 80 00 80 00 80 00 80 00 80 00 80 00 80 00 80 00 80 00 80 00 80 00 80 00 80 00 80 00 80 00 80 00 80 00 80 00 80 00 80 00 80 01 d4 4c bc 83 41 e5 06 78 07 b8 31 01 00 00 00 
0e 40 17 00 00 80 00 80 00 80 00 80 00 80 00 80 00 80 00 80 00 80 00 80 00 80 00 80 00 80 00 80 00 80 00 80 00 80 00 80 00 80 00 80 00 80 00 80 00 80 4c bc 83 41 e5 06 78 07 b8 31 01 00 00 00 
0e 40 18 00 00 80 00 80 00 80 00 80 00 80 00 80 00 80 00 80 00 80 00 80 00 80 00 80 00 80 00 80 00 80 00 80 00 80 00 80 00 80 00 80 00 80 00 80 00 80 00 80 83 41 e5 06 78 07 b8 31 01 00 00 00 
0e 40 19 00 00 80 00 80 00 80 00 80 00 80 00 80 00 80 00 80 00 80 00 80 00 80 00 80 00 80 00 80 00 80 00 80 00 80 00 80 00 80 00 80 00 80 00 80 00 80 00 80 00 80 e5 06 78 07 b8 31 01 00 00 00 
0e 40 1a 00 00 80 00 80 00 80 00 80 00 80 00 80 00 80 00 80 00 80 00 80 00 80 00 80 00 80 00 80 00 80 00 80 00 80 00 80 00 80 00 80 00 80 00 80 00 80 00 80 00 80 00 80 78 07 b8 31 01 00 00 00 
0e 40 1b 00 00 80 00 80 00 80 00 80 00 80 00 80 00 80 00 80 00 80 00 80 00 80 00 80 00 80 00 80 00 80 00 80 00 80 00 80 00 80 00 80 00 80 00 80 00 80 00 80 00 80 00 80 00 80 b8 31 01 00 00 00 
0e 40 1c 00 00 80 00 80 00 80 00 80 00 80 00 80 00 80 00 80 00 80 00 80 00 80 00 80 00 80 00 80 00 80 00 80 00 80 00 80 00 80 00 80 00 80 00 80 00 80 00 80 00 80 00 80 00 80 00 80 01 00 00 00 
0e 40 1d 00 00 80 00 80 00 80 00 80 00 80 00 80 00 80 00 80 00 80 00 80 00 80 00 80 00 80 00 80 00 80 00 80 00 80 00 80 00 80 00 80 00 80 00 80 00 80 00 80 00 80 00 80 00 80 00 80 00 80 00 00 
0e 40 1e 00 00 80 00 80 00 80 00 80 00 80 00 80 00 80 00 80 00 80 00 80 00 80 00 80 00 80 00 80 00 80 00 80 00 80 00 80 00 80 00 80 00 80 00 80 00 80 00 80 00 80 00 80 00 80 00 80 00 80 00 80 
