0e 00 00 00 01 00 00 00 00 00 00 00 00 00 00 00 00 00 00 00 00 00 00 00 00 00 00 00 00 00 00 00 00 00 00 00 00 00 00 00 00 00 00 00 00 00 00 00 00 00 00 00 00 00 00 00 00 00 00 00 00 00 00 00 
0e 01 00 00 01 01 00 01 01 03 04 00 1c 1b 2e 1b 01 01 01 30 c1 ff 40 01 56 00 01 01 00 00 00 00 00 00 00 00 01 00 00 01 00 00 00 01 00 01 aa 00 6c dc 02 00 00 00 00 00 00 00 00 00 00 00 00 00 
0e 0e 00 00 00 01 00 01 01 03 04 00 1c 1b 2e 1b 01 01 01 30 c1 ff 40 01 56 00 01 01 00 00 00 00 00 00 00 00 01 00 00 01 00 00 00 01 00 01 aa 00 6c dc 02 00 00 00 00 00 00 00 00 00 00 00 00 00 
0e 11 01 00 44 00 04 01 01 03 04 00 1c 1b 2e 1b 01 01 01 30 c1 ff 40 01 56 00 01 01 00 00 00 00 00 00 00 00 01 00 00 01 00 00 00 01 00 01 aa 00 6c dc 02 00 00 00 00 00 00 00 00 00 00 00 00 00 
0e 11 02 00 44 00 04 01 44 00 04 01 1c 1b 2e 1b 01 01 01 30 c1 ff 40 01 56 00 01 01 00 00 00 00 00 00 00 00 01 00 00 01 00 00 00 01 00 01 aa 00 6c dc 02 00 00 00 00 00 00 00 00 00 00 00 00 00 
0e 11 03 00 44 00 04 01 43 00 04 01 45 00 04 01 01 01 01 30 c1 ff 40 01 56 00 01 01 00 00 00 00 00 00 00 00 01 00 00 01 00 00 00 01 00 01 aa 00 6c dc 02 00 00 00 00 00 00 00 00 00 00 00 00 00 
0e 11 04 00 44 00 04 01 43 00 04 01 43 00 04 01 44 00 04 01 c1 ff 40 01 56 00 01 01 00 00 00 00 00 00 00 00 01 00 00 01 00 00 00 01 00 01 aa 00 6c dc 02 00 00 00 00 00 00 00 00 00 00 00 00 00 
0e 11 05 00 43 00 04 01 43 00 04 01 44 00 04 01 44 00 04 01 42 00 04 01 56 00 01 01 00 00 00 00 00 00 00 00 01 00 00 01 00 00 00 01 00 01 aa 00 6c dc 02 00 00 00 00 00 00 00 00 00 00 00 00 00 
0e 11 06 00 44 00 04 01 44 00 04 01 43 00 04 01 43 00 04 01 43 00 04 01 44 00 04 01 00 00 00 00 00 00 00 00 01 00 00 01 00 00 00 01 00 01 aa 00 6c dc 02 00 00 00 00 00 00 00 00 00 00 00 00 00 
0e 11 07 00 44 00 04 01 44 00 04 01 44 00 04 01 44 00 04 01 45 00 04 01 45 00 04 01 44 00 04 01 00 00 00 00 01 00 00 01 00 00 00 01 00 01 aa 00 6c dc 02 00 00 00 00 00 00 00 00 00 00 00 00 00 
0e 11 08 00 43 00 04 01 43 00 04 01 43 00 04 01 43 00 04 01 44 00 04 01 44 00 04 01 43 00 04 01 42 00 04 01 01 00 00 01 00 00 00 01 00 01 aa 00 6c dc 02 00 00 00 00 00 00 00 00 00 00 00 00 00 
0e 13 01 00 01 01 04 01 42 00 04 01 43 00 04 01 44 00 04 01 43 00 04 01 43 00 04 01 42 00 04 01 45 00 04 01 42 00 04 01 00 00 00 01 00 01 aa 00 6c dc 02 00 00 00 00 00 00 00 00 00 00 00 00 00 
0e 13 03 00 03 01 04 01 42 00 04 01 43 00 04 01 44 00 04 01 43 00 04 01 43 00 04 01 42 00 04 01 45 00 04 01 42 00 04 01 00 00 00 01 00 01 aa 00 6c dc 02 00 00 00 00 00 00 00 00 00 00 00 00 00 
0e 13 04 00 00 01 04 01 42 00 04 01 43 00 04 01 44 00 04 01 43 00 04 01 43 00 04 01 42 00 04 01 45 00 04 01 42 00 04 01 00 00 00 01 00 01 aa 00 6c dc 02 00 00 00 00 00 00 00 00 00 00 00 00 00 
0e 13 05 00 3f 01 04 01 42 00 04 01 43 00 04 01 44 00 04 01 43 00 04 01 43 00 04 01 42 00 04 01 45 00 04 01 42 00 04 01 00 00 00 01 00 01 aa 00 6c dc 02 00 00 00 00 00 00 00 00 00 00 00 00 00 
0e 13 06 00 64 01 04 01 42 00 04 01 43 00 04 01 44 00 04 01 43 00 04 01 43 00 04 01 42 00 04 01 45 00 04 01 42 00 04 01 00 00 00 01 00 01 aa 00 6c dc 02 00 00 00 00 00 00 00 00 00 00 00 00 00 
0e 13 07 00 01 01 04 01 42 00 04 01 43 00 04 01 44 00 04 01 43 00 04 01 43 00 04 01 42 00 04 01 45 00 04 01 42 00 04 01 00 00 00 01 00 01 aa 00 6c dc 02 00 00 00 00 00 00 00 00 00 00 00 00 00 
0e 13 0a 00 00 01 04 01 42 00 04 01 43 00 04 01 44 00 04 01 43 00 04 01 43 00 04 01 42 00 04 01 45 00 04 01 42 00 04 01 00 00 00 01 00 01 aa 00 6c dc 02 00 00 00 00 00 00 00 00 00 00 00 00 00 
0e 13 0c 00 00 00 04 01 42 00 04 01 43 00 04 01 44 00 04 01 43 00 04 01 43 00 04 01 42 00 04 01 45 00 04 01 42 00 04 01 00 00 00 01 00 01 aa 00 6c dc 02 00 00 00 00 00 00 00 00 00 00 00 00 00 
0e 13 10 00 ff ff ff 01 42 00 04 01 43 00 04 01 44 00 04 01 43 00 04 01 43 00 04 01 42 00 04 01 45 00 04 01 42 00 04 01 00 00 00 01 00 01 aa 00 6c dc 02 00 00 00 00 00 00 00 00 00 00 00 00 00 
0e 13 d0 00 00 90 01 90 01 ff 00 00 43 00 04 01 44 00 04 01 43 00 04 01 43 00 04 01 42 00 04 01 45 00 04 01 42 00 04 01 00 00 00 01 00 01 aa 00 6c dc 02 00 00 00 00 00 00 00 00 00 00 00 00 00 
0e 13 d1 00 00 90 01 90 01 aa 00 00 43 00 04 01 44 00 04 01 43 00 04 01 43 00 04 01 42 00 04 01 45 00 04 01 42 00 04 01 00 00 00 01 00 01 aa 00 6c dc 02 00 00 00 00 00 00 00 00 00 00 00 00 00 
0e 13 d2 00 00 20 03 20 03 ff ff 00 43 00 04 01 44 00 04 01 43 00 04 01 43 00 04 01 42 00 04 01 45 00 04 01 42 00 04 01 00 00 00 01 00 01 aa 00 6c dc 02 00 00 00 00 00 00 00 00 00 00 00 00 00 
0e 13 d3 00 00 dc 05 dc 05 00 ff 00 43 00 04 01 44 00 04 01 43 00 04 01 43 00 04 01 42 00 04 01 45 00 04 01 42 00 04 01 00 00 00 01 00 01 aa 00 6c dc 02 00 00 00 00 00 00 00 00 00 00 00 00 00 
0e 13 d4 00 00 b8 0b b8 0b 00 ff ff 43 00 04 01 44 00 04 01 43 00 04 01 43 00 04 01 42 00 04 01 45 00 04 01 42 00 04 01 00 00 00 01 00 01 aa 00 6c dc 02 00 00 00 00 00 00 00 00 00 00 00 00 00 
0e 13 d5 00 00 70 17 70 17 ff ff ff 43 00 04 01 44 00 04 01 43 00 04 01 43 00 04 01 42 00 04 01 45 00 04 01 42 00 04 01 00 00 00 01 00 01 aa 00 6c dc 02 00 00 00 00 00 00 00 00 00 00 00 00 00 
0e 15 01 00 52 c1 7f ba 51 2d 26 4c a6 a7 a0 36 cc 93 d9 24 ff 80 ea 59 00 00 00 00 00 00 00 00 00 00 00 00 42 00 04 01 00 00 00 01 00 01 aa 00 6c dc 02 00 00 00 00 00 00 00 00 00 00 00 00 00 
0e 16 01 00 63 00 6b 00 62 00 20 00 44 00 65 00 6d 00 6f 00 00 00 00 00 00 00 00 00 00 00 00 00 00 00 00 00 42 00 04 01 00 00 00 01 00 01 aa 00 6c dc 02 00 00 00 00 00 00 00 00 00 00 00 00 00 
0e 20 00 00 ff ff ff ff ff aa 20 00 44 00 65 00 6d 00 6f 00 00 00 00 00 00 00 00 00 00 00 00 00 00 00 00 00 42 00 04 01 00 00 00 01 00 01 aa 00 6c dc 02 00 00 00 00 00 00 00 00 00 00 00 00 00 
0e 40 40 00 ff ff ff ff ff aa 20 00 44 00 65 00 6d 00 6f 00 00 00 00 00 00 00 00 00 00 00 00 00 00 00 00 00 5a 00 04 01 00 00 00 01 00 01 aa 00 6c dc 02 00 00 00 00 00 00 00 00 00 00 00 00 00 
0e 40 41 00 ff ff ff ff ff aa 20 00 44 00 65 00 6d 00 6f 00 00 00 00 00 00 00 00 00 00 00 00 00 00 00 00 00 5a 00 e3 1a 00 00 00 01 00 01 aa 00 6c dc 02 00 00 00 00 00 00 00 00 00 00 00 00 00 
0e 40 42 00 ff ff ff ff ff aa 20 00 44 00 65 00 6d 00 6f 00 00 00 00 00 00 00 00 00 00 00 00 00 00 00 00 00 5a 00 e3 1a c1 11 00 01 00 01 aa 00 6c dc 02 00 00 00 00 00 00 00 00 00 00 00 00 00 
0e 40 43 00 ff ff ff ff ff aa 20 00 44 00 65 00 6d 00 6f 00 00 00 00 00 00 00 00 00 00 00 00 00 00 00 00 00 5a 00 e3 1a c1 11 95 31 00 01 aa 00 6c dc 02 00 00 00 00 00 00 00 00 00 00 00 00 00 
0e 40 44 00 ff ff ff ff ff aa 20 00 44 00 65 00 6d 00 6f 00 00 00 00 00 00 00 00 00 00 00 00 00 00 00 00 00 5a 00 e3 1a c1 11 95 31 fc 4d aa 00 6c dc 02 00 00 00 00 00 00 00 00 00 00 00 00 00 
0e 40 45 00 ff ff ff ff ff aa 20 00 44 00 65 00 6d 00 6f 00 00 00 00 00 00 00 00 00 00 00 00 00 00 00 00 00 5a 00 e3 1a c1 11 95 31 fc 4d ac b8 6c dc 02 00 00 00 00 00 00 00 00 00 00 00 00 00 
0e 40 46 00 ff ff ff ff ff aa 20 00 44 00 65 00 6d 00 6f 00 00 00 00 00 00 00 00 00 00 00 00 00 00 00 00 00 5a 00 e3 1a c1 11 95 31 fc 4d ac b8 2f ea 02 00 00 00 00 00 00 00 00 00 00 00 00 00 
0e 40 47 00 ff ff ff ff ff aa 20 00 44 00 65 00 6d 00 6f 00 00 00 00 00 00 00 00 00 00 00 00 00 00 00 00 00 5a 00 e3 1a c1 11 95 31 fc 4d ac b8 2f ea 70 34 00 00 00 00 00 00 00 00 00 00 00 00 
0e 40 48 00 ff ff ff ff ff aa 20 00 44 00 65 00 6d 00 6f 00 00 00 00 00 00 00 00 00 00 00 00 00 00 00 00 00 5a 00 e3 1a c1 11 95 31 fc 4d ac b8 2f ea 70 34 14 e5 00 00 00 00 00 00 00 00 00 00 
0e 40 49 00 ff ff ff ff ff aa 20 00 44 00 65 00 6d 00 6f 00 00 00 00 00 00 00 00 00 00 00 00 00 00 00 00 00 5a 00 e3 1a c1 11 95 31 fc 4d ac b8 2f ea 70 34 14 e5 cf 10 00 00 00 00 00 00 00 00 
0e 40 4a 00 ff ff ff ff ff aa 20 00 44 00 65 00 6d 00 6f 00 00 00 00 00 00 00 00 00 00 00 00 00 00 00 00 00 5a 00 e3 1a c1 11 95 31 fc 4d ac b8 2f ea 70 34 14 e5 cf 10 9f 31 00 00 00 00 00 00 
0e 40 4b 00 ff ff ff ff ff aa 20 00 44 00 65 00 6d 00 6f 00 00 00 00 00 00 00 00 00 00 00 00 00 00 00 00 00 5a 00 e3 1a c1 11 95 31 fc 4d ac b8 2f ea 70 34 14 e5 cf 10 9f 31 00 00 00 00 00 00 
0e 40 71 00 80 80 ff 80 ff aa 20 00 00 00 65 00 6d 00 6f 00 00 00 00 00 00 00 00 00 00 00 00 00 00 00 00 00 5a 00 e3 1a c1 11 95 31 fc 4d ac b8 2f ea 70 34 14 e5 cf 10 9f 31 00 00 00 00 00 00 
0e 40 90 00 80 80 80 80 80 aa 4a 00 00 00 65 00 6d 00 6f 00 00 00 00 00 00 00 00 00 00 00 00 00 00 00 00 00 5a 00 e3 1a c1 11 95 31 fc 4d ac b8 2f ea 70 34 14 e5 cf 10 9f 31 00 00 00 00 00 00 
0e 40 a7 00 80 80 80 80 80 aa 4a 00 00 00 65 00 6d 00 6f 00 00 00 00 00 00 00 00 00 00 00 00 00 00 00 00 00 5a 00 e3 1a c1 11 95 31 fc 4d ac b8 2f ea 70 34 14 e5 cf 10 9f 31 00 00 00 00 00 00 
0e 40 a8 00 80 80 80 80 80 aa 4a 00 00 00 65 00 6d 00 6f 00 00 00 00 00 00 00 00 00 00 00 00 00 00 00 00 00 5a 00 e3 1a c1 11 95 31 fc 4d ac b8 2f ea 70 34 14 e5 cf 10 9f 31 00 00 00 00 00 00 
0e fe 00 00 00 80 80 80 80 aa 4a 00 00 00 65 00 6d 00 6f 00 00 00 00 00 00 00 00 00 00 00 00 00 00 00 00 00 5a 00 e3 1a c1 11 95 31 fc 4d ac b8 2f ea 70 34 14 e5 cf 10 9f 31 00 00 00 00 00 00 
