0e 00 00 00 01 01 01 00 00 00 00 00 00 00 00 00 00 00 00 00 00 00 00 00 00 00 00 00 00 00 00 00 00 00 00 00 00 00 00 00 00 00 00 00 00 00 00 00 00 00 00 00 00 00 00 00 00 00 00 00 00 00 00 00 
0e 01 00 00 01 01 00 01 02 01 01 00 1c 1b 4f 1b 01 01 00 00 c0 ff 40 00 03 00 00 00 02 00 03 02 00 00 00 00 00 00 00 00 00 00 00 00 00 00 00 00 00 00 00 00 00 00 00 00 00 00 00 00 00 00 00 00 
0e 05 00 00 ef be 01 01 02 01 01 00 1c 1b 4f 1b 01 01 00 00 c0 ff 40 00 03 00 00 00 02 00 03 02 00 00 00 00 00 00 00 00 00 00 00 00 00 00 00 00 00 00 00 00 00 00 00 00 00 00 00 00 00 00 00 00 
0e 0e 00 00 00 be 01 01 02 01 01 00 1c 1b 4f 1b 01 01 00 00 c0 ff 40 00 03 00 00 00 02 00 03 02 00 00 00 00 00 00 00 00 00 00 00 00 00 00 00 00 00 00 00 00 00 00 00 00 00 00 00 00 00 00 00 00 
0e 15 00 00 2d 1b 00 00 01 00 00 00 00 00 00 00 00 00 00 00 01 00 00 00 03 00 00 00 02 00 03 02 00 00 00 00 00 00 00 00 00 00 00 00 00 00 00 00 00 00 00 00 00 00 00 00 00 00 00 00 00 00 00 00 
0e 15 00 00 2d 1b 00 00 03 00 00 00 00 00 00 00 00 00 00 00 01 00 00 00 03 00 00 00 02 00 03 02 00 00 00 00 00 00 00 00 00 00 00 00 00 00 00 00 00 00 00 00 00 00 00 00 00 00 00 00 00 00 00 00 
0e 17 00 00 55 1b 00 00 03 00 00 00 00 00 00 00 00 00 00 00 01 00 00 00 03 00 00 00 02 00 03 02 00 00 00 00 00 00 00 00 00 00 00 00 00 00 00 00 00 00 00 00 00 00 00 00 00 00 00 00 00 00 00 00 
0e 17 01 00 55 1b 00 00 03 00 00 00 00 00 2c 01 00 00 00 00 01 00 00 00 03 00 00 00 02 00 03 02 00 00 00 00 00 00 00 00 00 00 00 00 00 00 00 00 00 00 00 00 00 00 00 00 00 00 00 00 00 00 00 00 
0e 17 03 00 9f 07 00 00 03 00 00 00 00 00 2c 01 00 00 00 00 01 00 00 00 03 00 00 00 02 00 03 02 00 00 00 00 00 00 00 00 00 00 00 00 00 00 00 00 00 00 00 00 00 00 00 00 00 00 00 00 00 00 00 00 
0e 17 04 00 2d 1b 00 00 01 00 00 00 00 00 00 00 00 00 00 00 01 00 00 00 52 c1 7f ba 51 2d 26 4c a6 a7 a0 36 cc 93 d9 24 2d 5b 99 2b 2d 1b 00 00 03 00 00 00 00 00 00 00 00 00 00 00 01 00 00 00 
0e 40 01 00 00 80 7e 00 01 00 00 00 00 00 00 00 00 00 00 00 01 00 00 00 52 c1 7f ba 51 2d 26 4c a6 a7 a0 36 cc 93 d9 24 2d 5b 99 2b 2d 1b 00 00 03 00 00 00 00 00 00 00 00 00 00 00 01 00 00 00 
0e 40 02 00 00 80 00 80 01 00 00 00 00 00 00 00 00 00 00 00 01 00 00 00 52 c1 7f ba 51 2d 26 4c a6 a7 a0 36 cc 93 d9 24 2d 5b 99 2b 2d 1b 00 00 03 00 00 00 00 00 00 00 00 00 00 00 01 00 00 00 
0e 40 03 00 00 80 00 80 00 80 00 00 00 00 00 00 00 00 00 00 01 00 00 00 52 c1 7f ba 51 2d 26 4c a6 a7 a0 36 cc 93 d9 24 2d 5b 99 2b 2d 1b 00 00 03 00 00 00 00 00 00 00 00 00 00 00 01 00 00 00 
0e 40 04 00 00 80 00 80 00 80 00 80 00 00 00 00 00 00 00 00 01 00 00 00 52 c1 7f ba 51 2d 26 4c a6 a7 a0 36 cc 93 d9 24 2d 5b 99 2b 2d 1b 00 00 03 00 00 00 00 00 00 00 00 00 00 00 01 00 00 00 
0e 40 05 00 00 80 00 80 00 80 00 80 00 80 00 00 00 00 00 00 01 00 00 00 52 c1 7f ba 51 2d 26 4c a6 a7 a0 36 cc 93 d9 24 2d 5b 99 2b 2d 1b 00 00 03 00 00 00 00 00 00 00 00 00 00 00 01 00 00 00 
0e 40 06 00 00 80 00 80 00 80 00 80 00 80 00 80 00 00 00 00 01 00 00 00 52 c1 7f ba 51 2d 26 4c a6 a7 a0 36 cc 93 d9 24 2d 5b 99 2b 2d 1b 00 00 03 00 00 00 00 00 00 00 00 00 00 00 01 00 00 00 
0e 40 07 00 00 80 00 80 00 80 00 80 00 80 00 80 00 80 00 00 01 00 00 00 52 c1 7f ba 51 2d 26 4c a6 a7 a0 36 cc 93 d9 24 2d 5b 99 2b 2d 1b 00 00 03 00 00 00 00 00 00 00 00 00 00 00 01 00 00 00 
0e 40 08 00 00 80 00 80 00 80 00 80 00 80 00 80 00 80 00 80 01 00 00 00 52 c1 7f ba 51 2d 26 4c a6 a7 a0 36 cc 93 d9 24 2d 5b 99 2b 2d 1b 00 00 03 00 00 00 00 00 00 00 00 00 00 00 01 00 00 00 
0e 40 09 00 00 80 00 80 00 80 00 80 00 80 00 80 00 80 00 80 00 80 00 00 52 c1 7f ba 51 2d 26 4c a6 a7 a0 36 cc 93 d9 24 2d 5b 99 2b 2d 1b 00 00 03 00 00 00 00 00 00 00 00 00 00 00 01 00 00 00 
0e 40 0a 00 00 80 00 80 00 80 00 80 00 80 00 80 00 80 00 80 00 80 00 80 52 c1 7f ba 51 2d 26 4c a6 a7 a0 36 cc 93 d9 24 2d 5b 99 2b 2d 1b 00 00 03 00 00 00 00 00 00 00 00 00 00 00 01 00 00 00 
0e 40 0b 00 00 80 00 80 00 80 00 80 00 80 00 80 00 80 00 80 00 80 00 80 00 80 7f ba 51 2d 26 4c a6 a7 a0 36 cc 93 d9 24 2d 5b 99 2b 2d 1b 00 00 03 00 00 00 00 00 00 00 00 00 00 00 01 00 00 00 
0e 40 0c 00 00 80 00 80 00 80 00 80 00 80 00 80 00 80 00 80 00 80 00 80 00 80 00 80 51 2d 26 4c a6 a7 a0 36 cc 93 d9 24 2d 5b 99 2b 2d 1b 00 00 03 00 00 00 00 00 00 00 00 00 00 00 01 00 00 00 
0e 40 0d 00 00 80 00 80 00 80 00 80 00 80 00 80 00 80 00 80 00 80 00 80 00 80 00 80 00 80 26 4c a6 a7 a0 36 cc 93 d9 24 2d 5b 99 2b 2d 1b 00 00 03 00 00 00 00 00 00 00 00 00 00 00 01 00 00 00 
0e 40 0e 00 00 80 00 80 00 80 00 80 00 80 00 80 00 80 00 80 00 80 00 80 00 80 00 80 00 80 00 80 a6 a7 a0 36 cc 93 d9 24 2d 5b 99 2b 2d 1b 00 00 03 00 00 00 00 00 00 00 00 00 00 00 01 00 00 00 
0e 40 0f 00 00 80 00 80 00 80 00 80 00 80 00 80 00 80 00 80 00 80 00 80 00 80 00 80 00 80 00 80 00 80 a0 36 cc 93 d9 24 2d 5b 99 2b 2d 1b 00 00 03 00 00 00 00 00 00 00 00 00 00 00 01 00 00 00 
0e 40 10 00 00 80 00 80 00 80 00 80 00 80 00 80 00 80 00 80 00 80 00 80 00 80 00 80 00 80 00 80 00 80 00 80 cc 93 d9 24 2d 5b 99 2b 2d 1b 00 00 03 00 00 00 00 00 00 00 00 00 00 00 01 00 00 00 
0e 40 11 00 00 80 00 80 00 80 00 80 00 80 00 80 00 80 00 80 00 80 00 80 00 80 00 80 00 80 00 80 00 80 00 80 00 80 d9 24 2d 5b 99 2b 2d 1b 00 00 03 00 00 00 00 00 00 00 00 00 00 00 01 00 00 00 
0e 40 12 00 00 80 00 80 00 80 00 80 00 80 00 80 00 80 00 80 00 80 00 80 00 80 00 80 00 80 00 80 00 80 00 80 00 80 00 80 2d 5b 99 2b 2d 1b 00 00 03 00 00 00 00 00 00 00 00 00 00 00 01 00 00 00 
0e 40 13 00 00 80 00 80 00 80 00 80 00 80 00 80 00 80 00 80 00 80 00 80 00 80 00 80 00 80 00 80 00 80 00 80 00 80 00 80 00 80 99 2b 2d 1b 00 00 03 00 00 00 00 00 00 00 00 00 00 00 01 00 00 00 
0e 40 14 00 00 80 00 80 00 80 00 80 00 80 00 80 00 80 00 80 00 80 00 80 00 80 00 80 00 80 00 80 00 80 00 80 00 80 00 80 00 80 00 80 2d 1b 00 00 03 00 00 00 00 00 00 00 00 00 00 00 01 00 00 00 
0e 40 15 00 00 80 00 80 00 80 00 80 00 80 00 80 00 80 00 80 00 80 00 80 00 80 00 80 00 80 00 80 00 80 00 80 00 80 00 80 00 80 00 80 00 80 00 00 03 00 00 00 00 00 00 00 00 00 00 00 01 00 00 00 
0e 40 16 00 00 80 00 80 00 80 00 80 00 80 00 80 00 80 00 80 00 80 00 80 00 80 00 80 00 80 00 80 00 80 00 80 00 80 00 80 00 80 00 80 00 80 00 80 03 00 00 00 00 00 00 00 00 00 00 00 01 00 00 00 
0e 40 17 00 00 80 00 80 00 80 00 80 00 80 00 80 00 80 00 80 00 80 00 80 00 80 00 80 00 80 00 80 00 80 00 80 00 80 00 80 00 80 00 80 00 80 00 80 00 80 00 00 00 00 00 00 00 00 00 00 01 00 00 00 
0e 40 18 00 00 80 00 80 00 80 00 80 00 80 00 80 00 80 00 80 00 80 00 80 00 80 00 80 00 80 00 80 00 80 00 80 00 80 00 80 00 80 00 80 00 80 00 80 00 80 00 80 00 00 00 00 00 00 00 00 01 00 00 00 
0e 40 19 00 00 80 00 80 00 80 00 80 00 80 00 80 00 80 00 80 00 80 00 80 00 80 00 80 00 80 00 80 00 80 00 80 00 80 00 80 00 80 00 80 00 80 00 80 00 80 00 80 00 80 00 00 00 00 00 00 01 00 00 00 
0e 40 1a 00 00 80 00 80 00 80 00 80 00 80 00 80 00 80 00 80 00 80 00 80 00 80 00 80 00 80 00 80 00 80 00 80 00 80 00 80 00 80 00 80 00 80 00 80 00 80 00 80 00 80 00 80 00 00 00 00 01 00 00 00 
0e 40 1b 00 00 80 00 80 00 80 00 80 00 80 00 80 00 80 00 80 00 80 00 80 00 80 00 80 00 80 00 80 00 80 00 80 00 80 00 80 00 80 00 80 00 80 00 80 00 80 00 80 00 80 00 80 00 80 00 00 01 00 00 00 
0e 40 1c 00 00 80 00 80 00 80 00 80 00 80 00 80 00 80 00 80 00 80 00 80 00 80 00 80 00 80 00 80 00 80 00 80 00 80 00 80 00 80 00 80 00 80 00 80 00 80 00 80 00 80 00 80 00 80 00 80 01 00 00 00 
0e 40 1d 00 00 80 00 80 00 80 00 80 00 80 00 80 00 80 00 80 00 80 00 80 00 80 00 80 00 80 00 80 00 80 00 80 00 80 00 80 00 80 00 80 00 80 00 80 00 80 00 80 00 80 00 80 00 80 00 80 00 80 00 00 
0e 40 1e 00 00 80 00 80 00 80 00 80 00 80 00 80 00 80 00 80 00 80 00 80 00 80 00 80 00 80 00 80 00 80 00 80 00 80 00 80 00 80 00 80 00 80 00 80 00 80 00 80 00 80 00 80 00 80 00 80 00 80 00 80 
